2 1
-4.0541 -9.7297 -460.0875
-7.8378 9.4595 325.3027
-1.3514 5.9459 100.0191
-6.4865 4.0541 -18.8358
-2.9730 2.9730 7.8830
-8.1081 -4.5946 -142.4016
6.2162 -7.2973 -145.1709
-7.5676 1.8919 -77.6146
-3.2432 1.3514 -3.6971
-8.9189 -2.1622 -135.8678
-6.4865 6.7568 99.3823
-8.9189 4.3243 -96.8683
-5.6757 5.1351 31.6799
-5.9459 9.7297 414.7186
10.0000 1.6216 190.5105
-7.0270 -1.8919 -63.8645
-4.0541 -9.1892 -388.0558
-4.5946 0.0000 -14.8041
-5.1351 8.6486 292.8599
9.7297 6.4865 304.4598
-9.7297 1.3514 -174.6058
0.2703 -0.8108 0.2780
9.7297 9.7297 625.3039
-3.5135 -5.1351 -67.7318
9.1892 -7.2973 -40.9952
-6.7568 -4.5946 -98.8396
-1.0811 4.8649 53.5317
-2.4324 -8.3784 -286.1371
-2.4324 -2.4324 -5.2096
7.2973 -6.2162 -43.4655
-8.6486 -2.7027 -127.9020
-8.3784 6.4865 20.7220
-3.7838 -0.5405 -6.5891
-7.2973 3.5135 -52.2465
0.0000 -4.5946 -43.9020
-9.7297 -1.0811 -174.0391
1.3514 7.8378 232.0502
5.9459 9.1892 414.8809
5.1351 3.5135 40.1204
2.4324 -4.3243 -35.6617
-0.5405 -8.3784 -285.1821
7.5676 8.9189 424.9267
8.9189 -9.1892 -245.8079
5.9459 -4.3243 -0.0107
2.9730 0.0000 2.2824
-2.1622 -4.0541 -29.1203
5.4054 -5.4054 -47.3812
10.0000 9.7297 640.8155
-2.9730 -2.1622 -5.1742
-7.2973 -0.8108 -69.8754
10.0000 7.2973 376.9952
-3.2432 -5.1351 -66.1503
-5.4054 1.8919 -24.6882
2.4324 6.7568 147.9249
-3.5135 6.2162 108.7241
-0.8108 4.5946 44.6062
0.5405 -2.1622 -3.4008
7.8378 8.6486 403.2675
-4.0541 9.1892 369.5120
5.1351 -9.4595 -391.8161
-1.6216 -6.2162 -113.1165
4.0541 9.7297 460.0875
8.3784 2.1622 112.1412
4.3243 -5.9459 -87.3129
5.1351 -7.0270 -144.5200
6.2162 -0.2703 42.0848
-1.8919 -3.2432 -13.2764
-2.1622 5.6757 85.8810
-7.0270 0.0000 -62.3706
9.1892 4.3243 182.1077
-4.0541 7.5676 199.8506
-0.5405 5.9459 99.6703
2.4324 2.1622 3.3378
-9.1892 -0.8108 -145.4557
8.6486 -9.4595 -293.0296
4.0541 6.4865 139.2433
7.0270 -9.4595 -351.3926
6.4865 2.9730 58.2621
-1.3514 9.1892 379.6417
4.8649 9.7297 468.9779
4.8649 1.6216 18.6729
5.1351 9.1892 400.7311
8.3784 -6.7568 -38.2295
-6.4865 3.5135 -29.9234
9.7297 -5.9459 75.3270
-2.1622 -8.6486 -314.6665
8.3784 0.8108 108.7051
-5.6757 -3.5135 -49.0640
8.6486 8.6486 435.5406
6.2162 -9.1892 -336.9595
-6.4865 6.2162 65.7886
-4.8649 1.0811 -18.6117
-7.8378 -2.7027 -95.6289
8.6486 2.1622 123.6255
-8.9189 -3.2432 -146.7899
7.8378 -5.1351 25.8899
9.7297 -8.3784 -111.2027
-0.8108 -7.0270 -165.7629
5.4054 -10.0000 -463.8179
7.5676 -5.9459 -20.0529
-1.6216 -1.0811 1.2181
4.8649 -2.1622 15.2706
-1.6216 -8.3784 -284.9223
-5.1351 -0.2703 -21.6868
7.8378 5.1351 151.0311
7.8378 -1.8919 86.9666
5.9459 1.8919 37.5909
-3.7838 -7.5676 -216.1732
8.1081 -6.4865 -31.4718
-2.7027 6.2162 112.6395
10.0000 -3.7838 166.6975
4.3243 -2.9730 1.6830
-7.8378 1.3514 -88.5780
1.0811 -5.1351 -63.3990
-2.9730 4.3243 33.8252
-10.0000 1.6216 -189.4895
-8.1081 -6.4865 -228.4710
6.2162 -5.4054 -31.7389
-4.3243 8.6486 302.9586
-7.5676 0.2703 -79.3688
-8.6486 -1.8919 -122.2275
7.0270 4.5946 106.2727
8.6486 -10.0000 -369.2664
-1.0811 7.8378 233.7364
-9.7297 -1.6216 -174.9989
9.4595 4.0541 189.0905
-3.5135 -0.5405 -4.6996
-8.3784 -5.1351 -171.8200
-1.3514 -4.0541 -28.4031
-6.7568 3.7838 -31.6350
3.2432 2.9730 13.7451
9.7297 -2.1622 171.5965
5.1351 7.8378 254.8552
-7.2973 1.3514 -70.5372
9.1892 8.9189 491.8183
5.4054 -1.0811 26.6314
0.8108 4.5946 43.1978
1.6216 -5.6757 -86.5092
3.2432 -0.8108 4.1239
9.7297 -3.7838 151.1859
-5.4054 8.9189 319.6362
9.1892 6.4865 275.9714
-10.0000 1.0811 -190.4493
-2.4324 2.1622 2.4459
-5.9459 -5.1351 -98.6676
-10.0000 -5.6757 -275.7404
-6.4865 1.6216 -47.5861
0.5405 7.0270 165.9582
-0.5405 -7.2973 -186.4863
-6.7568 4.0541 -25.6767
-3.2432 -2.1622 -6.4715
-7.0270 -5.6757 -148.1111
2.7027 8.6486 316.0528
-1.8919 7.0270 167.0047
-7.8378 -0.2703 -88.2001
6.2162 1.6216 42.3349
-3.2432 1.6216 -3.0691
6.4865 0.2703 47.8363
-1.3514 7.8378 233.7658
7.8378 -8.1081 -169.9506
8.3784 2.4324 114.0130
8.1081 -9.7297 -352.3160
-3.7838 -4.8649 -59.7540
-8.3784 5.6757 -23.5090
7.0270 10.0000 552.3706
1.8919 0.2703 -0.7980
5.6757 -1.8919 29.3969
5.6757 6.7568 178.3697
0.5405 2.1622 2.3829
2.9730 10.0000 492.2824
0.8108 4.8649 51.9991
4.3243 0.0000 11.8485
-2.1622 -0.8108 0.6849
-2.7027 8.1081 257.1654
-10.0000 6.2162 -76.1147
2.4324 4.3243 36.5536
5.6757 -5.4054 -42.6725
-4.0541 -3.5135 -27.4452
-9.1892 -10.0000 -636.0000
-6.7568 -5.4054 -128.5008
6.7568 8.9189 400.7557
-8.9189 -3.5135 -151.1492
-3.7838 -2.7027 -14.2191
-9.1892 -4.3243 -182.1077
1.3514 7.0270 165.6093
9.7297 -1.0811 174.9377
-6.2162 8.9189 303.9938
-0.8108 -2.1622 -2.1876
-0.2703 -8.6486 -314.5407
3.2432 -7.5676 -205.5428
2.4324 -4.5946 -43.4561
-3.2432 -0.5405 -3.1181
-0.5405 -2.4324 -4.2546
-3.2432 -2.4324 -8.3432
3.7838 -7.2973 -179.9445
9.7297 -8.9189 -171.3298
6.4865 1.8919 49.5905
-4.0541 -4.0541 -38.5328
-8.1081 10.0000 391.5004
-2.1622 -3.5135 -18.0327
-0.2703 6.2162 114.1516
-8.9189 8.6486 181.8311
2.1622 -2.1622 -3.0324
-1.3514 7.2973 187.8530
-2.1622 -5.1351 -62.4301
-7.5676 -5.6757 -164.8489
-0.8108 -4.8649 -51.9991
-0.8108 -8.3784 -284.9869
-0.8108 7.5676 209.8267
-9.7297 4.5946 -130.5863
9.4595 6.7568 307.3086
-4.0541 3.5135 8.9013
2.9730 7.2973 189.2776
7.8378 -1.3514 88.5780
10.0000 -5.1351 127.4294
0.2703 2.7027 6.9021
4.5946 3.7838 38.1065
-1.3514 4.3243 36.9654
4.0541 -4.3243 -26.8357
3.5135 -2.7027 -2.0072
-3.5135 0.8108 -5.7055
7.2973 9.7297 521.2353
10.0000 -2.7027 182.8316
-8.9189 -9.1892 -511.7598
-0.8108 2.1622 3.5960
-5.9459 8.1081 222.3142
6.7568 -9.4595 -358.8257
5.9459 -8.3784 -249.5941
-5.4054 6.4865 103.7893
1.6216 -6.4865 -130.7401
3.7838 1.3514 6.9333
5.9459 -6.4865 -93.8744
4.0541 0.5405 8.8103
7.8378 0.5405 87.9989
2.9730 2.7027 9.4508
-8.3784 -7.5676 -318.3719
1.3514 -7.8378 -233.7658
-3.5135 -6.2162 -119.0465
6.7568 1.6216 55.4480
-3.2432 0.2703 -3.8400
-0.8108 1.6216 1.2147
-9.4595 5.9459 -60.6683
-6.2162 5.6757 43.9161
1.8919 8.9189 345.2806
4.3243 -3.7838 -11.4540
-4.5946 8.6486 300.0030
-1.0811 7.0270 167.2955
-1.0811 -4.3243 -35.2793
-0.2703 -6.4865 -129.7051
-8.1081 2.9730 -88.3342
2.9730 -0.2703 2.5428
-6.7568 9.7297 395.8780
-2.4324 8.6486 314.3610
1.0811 9.7297 449.9872
-10.0000 6.7568 -42.5211
-7.2973 4.8649 -17.7164
4.8649 0.0000 18.1624
-9.7297 -2.9730 -184.6538
-8.3784 4.3243 -73.1418
-0.2703 -8.3784 -285.4248
8.1081 -1.3514 98.6171
0.5405 0.2703 -0.7694
-1.0811 5.6757 86.5688
7.2973 -0.5405 70.8813
-7.5676 0.5405 -79.5700
-3.7838 -0.2703 -6.7903
-5.6757 -1.6216 -31.4013
-5.1351 -2.7027 -29.1156
-3.5135 1.3514 -5.2787
-4.5946 -7.2973 -201.7993
0.8108 1.3514 -0.8217
-3.2432 -4.8649 -56.2829
-2.1622 -6.4865 -129.8308
-2.7027 -4.8649 -53.9490
-0.5405 8.9189 346.3272
4.5946 3.5135 32.9773
-4.0541 9.7297 441.5436
-2.7027 2.1622 1.6461
0.2703 8.9189 345.5519
-5.1351 6.4865 108.0242
5.9459 1.0811 35.6476
0.5405 9.7297 450.3066
-9.1892 2.9730 -135.8346
5.1351 -3.5135 3.7739
-3.7838 4.8649 45.6526
9.4595 2.7027 166.9980
-4.0541 9.4595 404.4913
-0.2703 -5.6757 -85.4741
-7.5676 7.5676 130.0140
-0.5405 -6.7568 -146.9700
-4.3243 -9.7297 -462.6640
-7.0270 -2.7027 -69.5390
-7.2973 2.9730 -60.2543
1.3514 -8.6486 -315.6648
-7.2973 -6.4865 -200.3911
8.6486 6.2162 234.6189
-8.9189 -6.7568 -280.4549
1.0811 9.1892 377.9555
3.7838 6.4865 137.0221
-0.5405 2.1622 3.4008
-9.7297 0.0000 -174.4884
4.3243 -6.4865 -118.1229
-2.1622 -8.9189 -345.6776
3.7838 4.0541 36.3116
7.0270 6.7568 209.8496
2.4324 2.9730 10.6114
-7.8378 2.1622 -85.5687
-6.2162 0.8108 -42.3687
9.7297 4.8649 227.1917
7.2973 8.9189 416.2379
-0.5405 1.3514 0.3915
5.6757 -4.3243 -5.2169
10.0000 -6.7568 42.5211
5.4054 -9.4595 -387.5812
9.4595 -3.2432 146.0156
6.2162 -2.9730 31.6589
10.0000 2.7027 197.1684
6.7568 -2.1622 52.0457
-6.7568 5.1351 7.6331
2.4324 -0.5405 0.9075
7.8378 -4.5946 44.5585
3.2432 -5.4054 -69.9836
-5.9459 2.7027 -28.9286
3.5135 2.7027 12.3296
-1.3514 -1.8919 -0.6361
-8.6486 -6.7568 -268.2125
-5.1351 -1.3514 -21.8297
-2.1622 -1.6216 -0.3700
5.9459 7.0270 202.5641
-6.4865 -7.5676 -257.2191
-1.8919 2.1622 3.4294
1.6216 3.7838 22.5337
-2.1622 10.0000 490.1406
-1.6216 -4.0541 -28.4921
-8.3784 0.2703 -109.5098
2.7027 5.6757 86.9862
-4.5946 7.8378 218.1040
1.3514 -7.5676 -209.9803
4.8649 9.1892 396.9463
2.1622 -1.8919 -1.6345
-0.5405 1.8919 2.0028
8.6486 -8.9189 -225.0846
-7.5676 7.8378 153.7996
0.2703 -0.5405 0.1953
-6.4865 -8.1081 -306.5078
5.4054 5.6757 111.9225
-8.6486 8.1081 137.6775
8.1081 -3.5135 80.3263
3.7838 -7.5676 -202.0717
7.0270 -3.5135 44.1974
-4.5946 -7.5676 -223.9265
-5.9459 -10.0000 -526.0970
3.5135 -6.2162 -108.7241
2.9730 -0.8108 2.8267
-8.6486 -7.5676 -329.8561
6.2162 -3.5135 23.6511
-2.7027 5.9459 97.9156
3.5135 4.3243 41.2688
-3.5135 7.8378 227.7468
8.1081 6.2162 212.3849
6.7568 3.5135 73.1108
-4.0541 -1.6216 -9.7824
3.2432 5.6757 89.3201
-6.2162 1.0811 -42.2737
-0.5405 6.4865 130.4803
3.2432 3.5135 21.7529
9.4595 3.7838 183.1321
-7.0270 -8.9189 -408.1889
-7.5676 -2.7027 -86.2768
5.9459 -5.9459 -63.0644
-7.8378 0.0000 -88.4605
-5.6757 1.6216 -30.3802
0.5405 6.4865 129.4624
-7.0270 -4.3243 -98.4783
-8.3784 -8.3784 -394.9405
4.5946 -7.2973 -172.1912
6.4865 4.5946 91.9987
5.6757 -4.8649 -21.8125
5.1351 4.5946 65.8492
-5.9459 8.9189 309.7212
-7.5676 -5.9459 -178.2698
-2.9730 -7.0270 -168.7495
5.4054 10.0000 516.1821
7.0270 -4.5946 18.4686
7.0270 -1.8919 60.8767
-5.1351 3.7838 1.3553
5.1351 4.8649 74.6505
0.2703 -2.4324 -5.0299
4.3243 3.5135 30.0217
-7.5676 2.7027 -71.9401
-2.1622 4.8649 52.8439
3.7838 -9.7297 -443.7648
5.9459 -1.6216 35.5864
-2.7027 3.2432 12.5683
-7.8378 -9.1892 -467.2444
7.2973 -1.8919 68.9258
6.4865 5.4054 121.6599
0.0000 4.5946 43.9020
1.8919 -2.9730 -10.7030
-3.5135 2.7027 2.0072
-1.8919 -4.5946 -43.3645
-8.9189 2.4324 -128.2123
-1.8919 0.2703 0.2772
-5.4054 -5.4054 -99.7453
0.5405 -8.1081 -258.9201
-0.2703 0.5405 -0.1953
-7.2973 -3.2432 -84.2337
-1.0811 7.2973 187.8236
-1.8919 -0.8108 1.0819
10.0000 -5.9459 90.8386
-2.7027 -0.8108 -0.7014
-4.3243 -8.9189 -357.6667
2.9730 5.9459 101.4437
10.0000 0.2703 189.7396
7.5676 -3.2432 65.2945
9.4595 -3.5135 141.6564
5.6757 -5.9459 -68.2706
6.2162 8.3784 327.5154
0.0000 -5.1351 -62.5706
2.4324 3.7838 23.7484
-4.0541 0.2703 -9.5323
9.4595 5.1351 222.4003
2.7027 -3.5135 -16.9275
-7.8378 0.8108 -89.0048
-2.7027 7.0270 165.2214
8.9189 -1.0811 133.4253
-0.8108 0.5405 0.2426
5.9459 -7.5676 -173.0255
5.4054 -6.2162 -87.7032
-5.6757 -7.5676 -240.0132
-7.5676 -3.7838 -102.4109
1.6216 5.1351 61.8019
9.4595 -5.1351 97.2590
6.7568 6.4865 184.9089
7.8378 -1.0811 88.9098
4.8649 8.9189 363.9806
5.1351 0.5405 21.4856
5.6757 9.4595 444.6540
-9.7297 -2.1622 -177.3802
-2.4324 -6.7568 -147.9249
7.5676 9.4595 492.8717
0.0000 -1.0811 0.4493
3.2432 -4.8649 -49.1236
8.3784 5.6757 194.9898
1.8919 5.4054 73.0257
-5.9459 3.2432 -22.2830
-1.3514 0.5405 0.3962
-0.2703 -0.8108 0.8106
-7.2973 -8.6486 -385.2267
-2.7027 0.8108 -1.7900
-8.1081 6.2162 15.3857
7.5676 6.2162 192.9937
-7.0270 7.5676 146.7518
-9.4595 -8.6486 -474.6366
-2.4324 -8.9189 -346.2642
2.7027 2.4324 6.0093
2.4324 -5.1351 -62.1247
-1.0811 1.8919 2.3223
5.6757 5.1351 93.4614
5.9459 -7.2973 -150.8983
-7.5676 0.0000 -79.1084
-2.1622 -7.5676 -208.9819
5.4054 1.8919 27.6760
7.8378 6.2162 202.3458
1.6216 -1.0811 -0.3194
1.8919 -6.4865 -130.5090
-7.2973 -0.5405 -69.9581
-9.1892 0.2703 -146.2604
6.7568 7.5676 264.0600
-7.2973 -2.9730 -80.5852
5.9459 -6.2162 -77.7883
0.8108 -2.7027 -7.8726
2.9730 -2.9730 -7.8830
0.5405 -5.6757 -86.2494
-7.5676 2.9730 -68.9430
-6.4865 8.6486 266.7104
-2.9730 -6.7568 -149.7613
0.2703 7.8378 232.6417
9.7297 -0.5405 174.9500
-5.9459 0.8108 -36.6413
-5.9459 -0.2703 -35.8366
1.3514 0.8108 -1.4021
-9.1892 -6.4865 -275.9714
0.5405 -2.7027 -7.6773
8.6486 1.3514 120.6162
-8.3784 -8.1081 -367.6606
-8.9189 3.2432 -119.1619
-7.0270 -6.4865 -192.3420
5.6757 4.8649 83.5941
-6.7568 3.5135 -36.7643
-7.2973 6.4865 59.5517
-7.8378 -1.8919 -89.9544
0.5405 8.1081 257.9022
-9.1892 -9.1892 -524.7839
-5.4054 2.1622 -23.2902
6.7568 -5.1351 -7.6331
8.9189 8.1081 391.3871
-4.5946 -2.7027 -21.9724
-8.9189 -5.9459 -232.1373
-4.5946 -10.0000 -504.8041
-3.2432 -8.6486 -318.3867
-8.1081 -4.0541 -127.7604
-1.6216 1.6216 1.2793
-1.0811 0.2703 0.5680
-6.7568 0.2703 -55.1979
3.2432 7.5676 212.7021
3.7838 7.5676 216.1732
-9.4595 4.3243 -123.7220
-0.2703 -2.4324 -4.4973
5.9459 4.8649 88.8003
6.4865 -2.1622 45.2048
8.1081 8.9189 444.3178
4.5946 -6.2162 -99.0812
-0.8108 8.9189 346.5224
8.9189 -8.6486 -181.8311
-3.5135 1.6216 -4.6507
-7.5676 -9.4595 -492.8717
-4.8649 -5.1351 -80.7330
2.7027 3.2432 15.0597
6.2162 5.9459 140.9857
5.1351 0.0000 21.9472
4.8649 4.0541 47.4233
5.6757 -5.1351 -31.6799
6.7568 1.8919 56.4314
0.0000 5.6757 85.7404
-5.1351 -0.5405 -21.4856
4.0541 1.8919 10.7658
-4.0541 8.9189 336.5463
5.1351 -5.6757 -63.7933
6.2162 7.8378 274.7324
0.0000 3.5135 18.1733
-3.5135 5.6757 80.5792
7.2973 0.2703 70.1593
-8.6486 4.5946 -76.8316
3.5135 6.2162 119.0465
-5.9459 -6.4865 -166.0683
-4.5946 -8.1081 -273.2152
7.8378 0.0000 88.4605
10.0000 -3.5135 171.8267
-7.5676 -0.5405 -78.6469
-0.5405 2.7027 7.6773
-2.1622 0.8108 -0.4037
6.2162 7.0270 208.2915
3.2432 0.5405 3.1181
2.4324 -8.9189 -345.3722
-10.0000 7.2973 -3.0048
1.8919 0.0000 -0.5376
5.1351 0.8108 21.4029
-6.4865 -5.9459 -147.2580
7.5676 -6.4865 -50.8629
-8.6486 -8.6486 -435.5406
6.4865 -7.8378 -184.8114
0.5405 1.6216 0.0016
9.4595 -1.6216 159.3191
-5.9459 0.0000 -36.0970
-0.8108 0.8108 0.1599
5.4054 3.5135 44.3553
-4.0541 -7.5676 -218.3944
8.1081 0.0000 98.4996
-6.2162 -3.7838 -65.1268
-3.5135 8.3784 280.5299
7.8378 -5.4054 14.8972
-1.3514 -0.2703 1.1182
8.9189 9.7297 583.7915
-3.7838 3.2432 6.7633
8.3784 10.0000 599.2494
6.2162 1.0811 41.3750
8.3784 -2.1622 106.3576
-5.1351 10.0000 468.0528
-9.4595 1.6216 -159.3191
-5.9459 3.7838 -12.7945
9.7297 -7.0270 8.0212
-7.8378 9.1892 290.3234
-8.6486 -7.8378 -353.6416
-7.8378 5.4054 -14.8972
7.2973 -9.4595 -343.3435
2.7027 -4.8649 -51.4576
-6.2162 -8.6486 -356.6314
-4.3243 -2.1622 -14.7403
10.0000 8.1081 448.4112
3.2432 1.3514 3.4622
-1.8919 -8.3784 -285.1535
8.1081 3.7838 121.8021
5.4054 4.3243 62.2897
5.1351 2.7027 29.1156
-2.9730 6.4865 127.6890
9.7297 -3.5135 156.3151
-4.8649 -2.4324 -22.9260
-1.3514 7.0270 167.3249
-5.1351 -7.2973 -208.9424
-2.4324 -10.0000 -490.4460
-9.1892 2.4324 -141.2365
9.1892 5.9459 245.1614
5.4054 -4.8649 -26.5212
-9.7297 1.0811 -174.9377
9.1892 2.1622 148.8919
-8.3784 9.1892 269.5345
-5.9459 -0.5405 -35.6354
6.2162 9.1892 420.6083
-5.1351 2.9730 -11.7817
-8.3784 -6.7568 -256.7283
10.0000 -0.2703 190.2604
2.1622 -0.5405 0.3210
-4.0541 -8.6486 -324.0789
-1.3514 0.0000 0.8578
6.7568 -6.7568 -92.5414
-3.5135 -1.0811 -4.7119
-5.1351 -2.9730 -32.1126
9.4595 8.3784 445.5207
-8.6486 4.8649 -68.0303
-1.6216 -4.5946 -43.1333
5.9459 0.5405 35.6354
-4.5946 -1.3514 -14.6866
8.1081 -8.3784 -187.1915
8.1081 9.7297 549.3151
-1.3514 3.5135 19.0311
-3.5135 4.8649 47.5421
7.0270 -2.1622 59.4788
2.9730 -1.8919 0.7885
0.5405 -5.4054 -74.0722
7.5676 7.2973 266.1037
-2.7027 1.8919 0.2482
-5.9459 7.5676 173.0255
8.1081 5.9459 197.6609
-9.4595 -3.7838 -183.1321
-0.8108 5.6757 86.4446
8.3784 9.4595 523.0127
4.3243 0.5405 11.3869
-9.7297 3.5135 -156.3151
-3.5135 -5.9459 -104.3225
-4.3243 7.2973 175.1468
5.6757 -2.9730 20.7253
-8.6486 -5.6757 -206.4740
-1.0811 -5.1351 -61.7422
5.9459 0.2703 35.8366
-6.7568 -10.0000 -544.9375
-5.1351 -3.7838 -45.2496
-10.0000 9.1892 188.7839
-9.4595 -6.7568 -307.3086
5.6757 -7.0270 -135.5764
-7.0270 -7.8378 -295.2787
5.6757 8.6486 345.6978
9.4595 -5.9459 60.6683
8.6486 -6.7568 -26.7453
-3.7838 5.6757 78.6897
-4.8649 -3.7838 -41.4649
2.4324 7.5676 209.5684
-7.8378 -7.0270 -254.9276
1.0811 -1.6216 -1.3389
10.0000 -7.0270 23.5329
0.8108 -1.8919 -2.1981
9.1892 -1.6216 145.4895
5.9459 8.1081 294.5081
-1.8919 9.1892 379.3215
8.6486 5.1351 183.3042
9.1892 -9.7297 -304.8155
6.4865 0.5405 47.6351
-8.1081 2.4324 -93.7360
-2.1622 -3.7838 -23.1619
-3.2432 -4.5946 -47.4817
-7.2973 -6.7568 -217.8986
3.5135 -9.1892 -373.6227
-3.7838 -2.4324 -11.8143
-2.7027 0.0000 -1.2457
5.6757 -6.7568 -116.5882
-1.0811 -7.8378 -232.0796
2.4324 -2.7027 -6.7224
10.0000 -7.5676 -19.1225
9.4595 5.9459 258.9910
2.7027 8.1081 259.6569
8.9189 5.9459 232.1373
10.0000 -4.0541 160.7391
-5.6757 -5.6757 -116.6312
-6.7568 6.4865 75.0339
3.2432 -2.7027 -3.5887
-3.7838 4.0541 22.2101
7.2973 7.8378 303.3277
3.2432 -1.6216 3.0691
6.4865 0.0000 48.0967
6.4865 2.1622 50.9885
1.0811 -6.2162 -114.7136
3.7838 -5.9459 -92.1106
0.8108 1.8919 0.7897
-7.5676 -4.3243 -115.2161
9.1892 8.3784 431.6911
-8.1081 9.4595 315.2637
-8.1081 9.7297 352.3160
-4.5946 6.2162 99.0812
-6.4865 1.8919 -46.6028
-1.0811 5.9459 99.9897
1.0811 7.5676 208.2941
5.1351 6.4865 151.9185
-9.1892 -7.5676 -355.1225
-4.5946 2.4324 -10.0405
2.1622 5.1351 62.4301
4.0541 6.2162 123.1572
-2.4324 7.8378 232.4620
5.4054 -4.5946 -17.7200
9.7297 2.9730 184.6538
-3.5135 -5.6757 -90.9016
-0.8108 -6.4865 -129.2672
4.8649 10.0000 508.1624
-2.4324 1.8919 1.0479
-0.2703 2.1622 3.1582
-1.3514 4.8649 53.5611
-6.4865 -3.2432 -61.9106
7.8378 -3.5135 70.2872
2.4324 -1.6216 -0.0646
-6.7568 -9.7297 -505.7531
6.7568 0.0000 54.9375
0.8108 8.6486 314.1028
0.0000 -10.0000 -490.0000
-9.4595 4.5946 -115.9276
3.5135 -8.9189 -340.6570
0.8108 -2.1622 -3.5960
2.4324 0.2703 0.1856
-2.9730 7.5676 206.8401
-8.6486 1.6216 -120.2231
8.6486 0.5405 120.2720
-4.5946 1.6216 -14.2935
-5.1351 -3.5135 -40.1204
-0.8108 0.0000 0.7042
-0.8108 2.9730 10.8696
-9.4595 -7.0270 -326.2968
4.5946 -3.5135 -3.3692
7.0270 1.0811 61.9213
7.2973 -1.6216 69.9092
0.8108 -5.6757 -86.4446
7.5676 2.4324 83.8720
-6.2162 -7.0270 -208.2915
-7.8378 8.1081 169.9506
8.9189 -7.0270 -33.4912
1.3514 -1.6216 -1.3683
7.0270 0.0000 62.3706
-2.9730 -1.6216 -2.7929
4.5946 -0.5405 15.2656
1.6216 -0.5405 -0.3072
1.0811 5.4054 72.7349
9.4595 9.7297 610.6452
0.0000 1.0811 -0.4493
4.0541 4.0541 38.5328
-6.7568 9.4595 358.8257
3.2432 -6.7568 -143.8993
-0.5405 -6.2162 -113.3763
-1.6216 -5.1351 -61.8019
-4.0541 4.8649 43.4314
-7.5676 5.4054 -5.5452
-6.2162 10.0000 448.1756
-1.3514 2.1622 3.7496
-2.7027 0.5405 -1.7073
-4.0541 -10.0000 -499.2719
1.0811 0.8108 -1.3727
-4.0541 6.7568 138.2070
-5.1351 7.2973 165.0481
5.4054 4.8649 78.8854
-4.5946 6.4865 115.1673
-7.5676 3.5135 -60.9352
8.1081 8.6486 413.3066
-9.1892 -8.3784 -431.6911
5.6757 -9.1892 -347.8931
-4.0541 -5.6757 -95.0123
2.9730 -8.9189 -343.5358
4.3243 1.6216 12.3590
-0.2703 -9.7297 -450.5492
-8.1081 5.6757 -12.7592
1.8919 -4.8649 -53.2409
-2.1622 -5.6757 -85.5999
4.3243 6.2162 125.7337
1.8919 -5.9459 -99.6989
-4.3243 -8.3784 -297.5395
-0.2703 -6.2162 -113.6189
8.6486 4.0541 149.9945
-8.3784 4.0541 -79.9885
5.6757 1.0811 30.4414
4.0541 -4.8649 -43.4314
-9.1892 1.3514 -146.1175
-9.4595 8.1081 98.5815
-5.4054 9.4595 387.5812
2.4324 -4.8649 -52.2573
6.4865 7.5676 257.2191
-3.5135 -2.1622 -8.0530
7.8378 7.0270 254.9276
-9.7297 -0.5405 -174.0268
8.6486 -4.3243 84.6260
8.1081 -3.7838 75.1971
4.5946 7.5676 223.9265
-9.4595 6.2162 -45.9444
9.1892 -3.5135 127.8268
-9.1892 -6.7568 -293.4790
-1.6216 -5.4054 -72.7945
7.0270 8.6486 377.1777
0.2703 -1.0811 0.1830
-4.5946 -4.5946 -58.7061
7.5676 -4.0541 49.8476
-8.9189 1.0811 -133.4253
5.4054 9.7297 476.9976
-7.5676 -1.0811 -78.6591
0.8108 3.2432 13.1098
4.0541 -5.6757 -76.4685
1.3514 4.5946 43.0442
4.3243 3.7838 35.1509
-7.2973 7.0270 96.0474
-10.0000 1.8919 -188.5061
10.0000 5.9459 289.1614
-2.7027 3.5135 16.9275
-7.2973 6.7568 77.0592
-7.0270 -3.5135 -80.5439
7.8378 -4.0541 59.1997
-4.8649 -10.0000 -508.1624
7.0270 -3.2432 48.5567
2.7027 8.3784 286.9368
-4.5946 4.3243 21.3036
-4.0541 3.7838 14.0306
-5.9459 -1.3514 -35.9795
7.0270 4.0541 91.6315
10.0000 8.3784 475.6911
4.0541 5.1351 71.8425
-5.6757 -4.5946 -74.7928
-8.3784 1.0811 -109.6987
-5.6757 -9.1892 -409.6746
3.2432 -10.0000 -486.4204
-6.7568 0.0000 -54.9375
10.0000 -8.1081 -68.4112
5.9459 -8.1081 -222.3142
-6.7568 -8.3784 -340.6286
6.2162 0.8108 41.2801
-8.9189 -2.7027 -140.1443
-4.3243 -7.5676 -220.9709
4.0541 1.0811 8.8226
6.2162 -6.7568 -105.6546
-1.3514 -9.1892 -377.9261
-5.1351 0.0000 -21.9472
-9.7297 0.2703 -174.7488
0.2703 0.8108 -0.8106
6.2162 -3.7838 18.5219
0.8108 2.7027 6.4642
-5.6757 -4.0541 -60.1516
9.4595 2.4324 164.5932
-8.3784 2.4324 -104.4858
-1.0811 -8.6486 -313.9786
5.9459 6.2162 149.9822
-5.6757 0.0000 -30.8908
-8.1081 7.0270 67.9675
8.1081 7.0270 264.9667
8.9189 -5.1351 70.4053
-8.1081 -2.9730 -108.6650
1.3514 -4.0541 -30.1187
-5.1351 -2.4324 -26.7108
0.2703 -2.7027 -7.4347
7.2973 8.6486 385.2267
-1.0811 8.9189 346.6466
-4.0541 3.2432 4.5421
0.8108 -8.3784 -286.3953
5.1351 -10.0000 -468.0528
6.7568 9.4595 468.7008
-5.4054 5.4054 47.3812
-1.3514 -6.2162 -113.0275
4.5946 6.2162 128.6893
6.2162 3.2432 55.6384
-6.4865 7.5676 161.0258
5.1351 -0.5405 22.4087
-2.9730 8.3784 283.4087
-2.9730 2.1622 0.6094
1.0811 -4.3243 -36.9360
1.0811 -6.7568 -148.3073
-4.8649 -6.7568 -165.6413
1.0811 6.4865 129.1430
-4.3243 -5.4054 -85.4117
0.2703 -5.1351 -62.8369
0.2703 10.0000 489.7337
1.8919 -8.9189 -346.3558
6.2162 6.7568 189.3033
-4.8649 -1.6216 -18.6729
-4.3243 5.1351 50.7222
1.3514 -4.5946 -44.7598
5.1351 -0.2703 22.2076
-8.3784 -9.7297 -560.0650
9.1892 7.2973 332.9953
-0.2703 9.1892 379.0502
7.5676 8.3784 364.7995
3.7838 8.1081 265.4619
-7.5676 10.0000 410.8916
1.6216 5.4054 72.7945
-1.0811 -3.5135 -17.3449
-4.8649 0.0000 -18.1624
-2.4324 3.2432 13.3680
4.5946 1.8919 16.2979
-0.5405 5.1351 63.0796
6.2162 -4.8649 -10.8789
7.8378 7.2973 275.4557
3.7838 0.8108 6.5064
-1.3514 6.4865 130.8292
6.7568 -5.4054 -18.6257
0.8108 7.8378 232.2038
-4.3243 5.9459 87.3129
-4.3243 8.1081 246.5627
4.3243 -7.8378 -221.0596
-4.8649 10.0000 471.8376
9.4595 4.5946 203.7317
4.5946 -7.5676 -194.3184
8.3784 1.6216 109.7599
-4.8649 1.8919 -16.6685
-5.1351 6.2162 91.9381
-1.6216 6.7568 148.2477
4.3243 -3.2432 -1.9655
-9.7297 -8.1081 -432.8995
-6.2162 4.5946 2.0777
7.5676 -2.4324 74.3449
7.5676 -6.7568 -68.3705
-0.5405 -9.1892 -378.2749
0.0000 5.9459 99.1614
-4.8649 -7.2973 -205.1576
-2.1622 -3.2432 -13.6734
-9.1892 3.2432 -132.1861
-5.1351 7.8378 210.9609
7.2973 -5.4054 -3.1435
-5.9459 -7.5676 -245.2194
1.6216 -7.0270 -167.2359
2.7027 -8.1081 -257.1654
10.0000 4.3243 226.1076
-8.9189 -9.4595 -546.7392
4.5946 1.0811 14.3547
0.8108 1.0811 -1.1535
-1.8919 -5.1351 -62.0330
2.7027 6.2162 115.1310
-9.1892 -5.9459 -245.1614
-4.3243 -6.7568 -159.3274
1.3514 1.8919 0.6361
0.5405 -7.0270 -166.9761
-8.6486 5.4054 -47.1704
6.4865 -0.2703 48.3571
-3.5135 -1.3514 -5.0437
-3.2432 -5.6757 -89.3201
3.2432 -8.1081 -254.8315
-2.9730 -2.9730 -12.4478
9.7297 2.4324 179.2520
-6.7568 -2.4324 -59.7011
-2.7027 -5.4054 -74.8090
1.6216 -0.2703 -0.5084
5.4054 -8.3784 -259.5090
7.8378 5.9459 187.6219
-3.5135 -5.4054 -78.7245
9.1892 8.1081 404.4112
-7.5676 -1.8919 -80.6023
7.2973 4.8649 123.1230
-1.0811 -8.3784 -284.8627
0.0000 8.3784 285.6911
2.9730 8.1081 260.6935
6.7568 5.9459 154.0989
0.2703 4.0541 28.9945
9.4595 -8.3784 -125.8614
-4.3243 -10.0000 -501.8485
4.5946 3.2432 28.6180
6.7568 7.2973 241.9328
0.2703 -6.2162 -114.1516
-7.2973 -8.1081 -328.8309
4.5946 8.3784 300.4951
-3.5135 8.6486 309.6458
9.1892 -0.8108 146.5443
1.0811 4.0541 28.4325
4.3243 7.5676 220.9709
-2.1622 7.0270 166.6077
-7.2973 -9.7297 -521.2353
-7.5676 8.1081 179.3027
4.5946 0.2703 14.5437
-4.8649 -4.3243 -54.2700
-3.2432 -0.2703 -3.3193
-7.8378 -2.4324 -93.2241
7.5676 -7.0270 -87.3587
-7.2973 0.8108 -70.9640
-4.8649 -5.6757 -103.9028
-3.5135 7.0270 161.3059
4.3243 5.1351 74.4191
2.7027 2.9730 11.4112
2.7027 0.0000 1.2457
3.7838 -8.1081 -251.3604
2.9730 4.3243 38.3900
-0.5405 -7.5676 -208.6135
9.1892 -4.0541 116.7392
-5.9459 -9.1892 -414.8809
-6.7568 -3.7838 -78.2400
-4.3243 5.6757 73.8920
7.0270 2.4324 67.1342
-6.7568 -1.8919 -56.4314
5.1351 -8.3784 -263.7439
5.6757 8.1081 289.3019
-2.9730 -6.4865 -132.2538
-9.4595 3.5135 -141.6564
8.9189 4.8649 185.6792
0.2703 3.5135 17.9069
0.5405 -4.3243 -36.6166
4.3243 1.3514 11.7310
-1.8919 -0.2703 0.7980
-1.8919 -7.0270 -165.9296
-9.7297 -6.2162 -288.3736
7.5676 0.2703 78.8480
-6.4865 7.0270 118.3705
-1.3514 -5.4054 -72.7055
-5.6757 10.0000 459.1092
-2.1622 -9.7297 -450.6750
3.5135 -4.3243 -30.9464
-9.1892 9.7297 304.8155
8.9189 8.9189 478.7941
-9.7297 10.0000 315.5116
-7.8378 -0.8108 -87.9162
2.1622 3.5135 18.0327
1.8919 -9.1892 -379.3215
7.2973 -8.3784 -215.2714
1.3514 2.7027 6.3106
10.0000 1.8919 191.4939
7.5676 6.7568 226.5874
0.5405 -1.3514 -0.3915
-1.0811 -8.9189 -344.9898
-2.9730 -2.4324 -7.0460
6.2162 -8.3784 -243.8667
0.5405 7.5676 208.6135
-2.4324 9.1892 378.3379
4.3243 5.6757 97.5889
-9.4595 1.3514 -159.9471
-8.6486 -1.3514 -120.6162
-8.6486 4.0541 -91.4728
-1.3514 2.4324 5.6214
3.5135 2.9730 15.3266
2.7027 8.9189 347.0639
3.2432 2.4324 8.3432
-4.8649 7.5676 190.9601
5.1351 8.3784 307.6382
4.0541 -8.1081 -249.1392
5.6757 3.2432 44.7048
8.3784 7.8378 342.1574
-2.9730 -10.0000 -492.2824
-1.8919 -1.6216 0.0270
-2.9730 3.5135 15.8909
8.9189 2.1622 135.8678
6.4865 8.6486 362.9037
3.2432 -4.3243 -32.5280
-0.8108 -0.8108 1.2485
4.5946 -1.0811 15.2534
4.3243 -6.7568 -135.6305
-3.5135 -3.7838 -28.4637
-7.0270 -10.0000 -552.3706
5.4054 1.6216 26.6926
2.4324 5.1351 63.0166
5.9459 -2.7027 28.9286
0.8108 -6.4865 -130.6756
0.8108 -10.0000 -490.7042
6.4865 -7.0270 -118.3705
0.2703 -8.3784 -285.9574
-2.7027 2.9730 8.9197
5.4054 -3.7838 2.8796
8.6486 -5.6757 34.9932
2.7027 -6.2162 -112.6395
-0.8108 3.5135 18.8775
-8.3784 8.3784 176.4417
1.6216 -2.4324 -5.5323
-6.4865 5.4054 25.4666
2.7027 7.0270 167.7129
-3.2432 2.4324 1.1839
0.0000 0.2703 -0.2604
-7.0270 -2.9730 -72.5361
7.5676 -9.7297 -371.7071
0.5405 9.1892 378.2749
-7.8378 5.9459 10.7008
-8.6486 3.2432 -106.9196
-8.1081 -2.1622 -101.3914
-9.7297 8.1081 83.9228
-6.4865 -6.2162 -161.9819
-9.4595 0.8108 -160.3739
-2.1622 8.6486 314.9476
-1.3514 -2.1622 -2.0340
4.8649 -0.5405 18.6240
-0.5405 -4.8649 -52.1943
10.0000 -7.8378 -42.9080
-4.0541 5.1351 53.2987
9.4595 -7.0270 -6.6375
-6.4865 -4.5946 -91.9987
8.9189 0.8108 132.4316
6.7568 4.3243 91.0452
3.5135 -1.0811 5.6105
9.1892 2.9730 156.1655
-5.6757 -8.3784 -316.5818
6.4865 -8.6486 -266.7104
-3.5135 3.5135 13.0121
-1.6216 8.3784 286.4598
-9.7297 9.4595 239.2749
-5.9459 -3.7838 -59.3994
-9.4595 10.0000 330.1704
-9.4595 -5.1351 -222.4003
-1.0811 -10.0000 -489.1716
3.5135 -5.4054 -68.4021
8.3784 0.2703 108.9890
8.3784 -3.7838 85.9469
3.5135 2.4324 9.9248
3.2432 -9.4595 -410.1836
1.6216 -7.8378 -233.6768
-4.8649 -4.8649 -70.8657
3.5135 1.0811 4.7119
8.9189 7.8378 365.8840
-4.0541 -4.3243 -45.3795
-0.5405 -3.2432 -13.3050
-7.8378 4.8649 -35.7572
2.7027 1.6216 1.7563
8.1081 2.4324 103.2632
-0.2703 5.4054 73.8296
-2.1622 -2.7027 -7.0278
-1.3514 -3.7838 -22.4447
-9.4595 5.1351 -97.2590
1.8919 1.0811 -0.9869
-8.6486 -4.3243 -156.8413
7.5676 9.7297 529.9240
8.3784 -5.9459 10.0881
-4.5946 -4.0541 -44.0649
0.0000 -7.2973 -186.9952
-8.9189 6.7568 14.5030
-1.6216 7.5676 209.8912
-7.8378 -1.6216 -88.9710
0.5405 2.7027 6.6594
6.4865 -7.2973 -138.8986
4.0541 -1.0811 9.7212
-4.3243 -1.6216 -12.3590
4.8649 0.5405 17.7008
8.9189 5.1351 195.5466
7.2973 7.5676 279.5422
-2.1622 0.0000 0.1406
4.0541 5.6757 95.0123
3.7838 1.8919 8.5446
-2.1622 5.4054 73.7038
-8.9189 8.9189 212.8423
7.2973 4.5946 114.3218
0.8108 -0.5405 -0.2426
5.4054 -7.0270 -140.2851
3.2432 8.3784 289.2707
-8.3784 -4.8649 -161.9527
-4.3243 4.5946 32.0536
-3.7838 2.4324 -2.2871
-4.8649 8.1081 240.2488
5.6757 -0.5405 31.3523
7.0270 0.8108 61.8263
-4.5946 3.2432 -0.9901
2.1622 9.4595 413.6227
1.3514 8.6486 313.9492
-0.2703 -4.5946 -43.6357
-3.2432 -8.3784 -289.2707
4.0541 2.1622 12.1637
8.1081 -7.2973 -88.4956
-3.5135 7.2973 181.8340
-5.6757 8.9189 314.9274
-0.5405 -1.6216 -0.0016
-7.8378 -4.0541 -117.7214
-5.4054 -8.3784 -311.8731
1.0811 -1.8919 -2.3223
-4.0541 2.9730 0.8935
0.0000 9.4595 413.7633
4.5946 -7.8378 -218.1040
4.8649 -5.4054 -55.4009
-5.9459 -3.5135 -54.2702
9.7297 -9.7297 -276.3272
-0.8108 -4.0541 -28.5567
3.5135 -9.4595 -408.6021
-7.0270 -1.0811 -61.9213
9.1892 0.2703 145.7396
-1.0811 -3.7838 -22.4741
-0.2703 -7.0270 -166.2008
8.6486 -2.7027 113.5652
7.2973 5.6757 156.1601
1.3514 2.9730 9.3076
2.4324 1.6216 0.9565
-0.2703 9.7297 451.0819
3.5135 -4.0541 -24.0997
0.8108 9.4595 413.0590
5.4054 6.4865 156.1534
-5.6757 0.8108 -31.4351
1.3514 5.1351 61.7128
4.0541 8.6486 324.0789
0.0000 -9.7297 -450.8155
3.2432 -5.9459 -95.5817
8.3784 8.6486 424.0564
7.0270 6.4865 192.3420
-7.0270 8.9189 283.4476
3.7838 5.1351 69.6213
0.5405 3.2432 13.3050
3.7838 9.4595 420.8140
-7.8378 5.1351 -25.8899
-6.4865 -6.7568 -195.5756
-6.2162 -5.6757 -127.5648
-9.7297 9.1892 204.2955
2.4324 -2.4324 -4.3176
10.0000 10.0000 680.0000
1.0811 8.9189 344.9898
6.2162 -4.5946 -2.0777
6.7568 -3.5135 36.7643
9.7297 -10.0000 -315.5116
10.0000 1.3514 189.8825
7.2973 5.1351 132.9903
8.3784 -4.3243 73.1418
8.9189 -7.8378 -99.9321
4.5946 -5.1351 -47.7666
-2.4324 -1.0811 0.0034
-7.5676 -1.6216 -79.6190
0.8108 6.2162 113.1811
-8.6486 -0.5405 -120.2720
8.9189 3.7838 156.2784
4.5946 6.7568 162.2830
-9.4595 -1.0811 -159.3803
-5.9459 -1.8919 -37.5909
-1.3514 -2.4324 -3.9058
6.4865 -4.3243 11.9890
2.4324 -2.9730 -9.7195
5.1351 1.6216 22.4577
-4.3243 -2.9730 -22.0139
0.0000 6.7568 147.4789
9.7297 8.3784 460.1795
-4.5946 -0.8108 -14.2598
0.8108 1.6216 -0.1937
-7.8378 9.7297 362.3550
1.8919 -2.4324 -5.3012
-5.9459 8.6486 278.7100
1.0811 -8.3784 -286.5195
-9.7297 -7.5676 -383.6108
7.8378 8.3784 374.1516
-1.8919 0.8108 -0.0067
-6.2162 -8.1081 -300.2355
-9.4595 7.5676 49.2928
-2.7027 7.5676 207.8767
-8.3784 7.5676 99.8731
1.8919 -7.2973 -187.5328
0.8108 7.5676 208.4183
1.8919 -10.0000 -490.5376
3.2432 3.7838 26.8821
-5.9459 8.3784 249.5941
-5.1351 3.2432 -8.1332
-7.0270 9.7297 388.4449
-2.7027 -2.9730 -11.4112
9.4595 -5.6757 74.0892
-4.8649 -8.1081 -276.5735
-2.9730 2.7027 4.8860
-4.5946 -9.7297 -465.6196
7.2973 2.7027 77.5881
2.9730 8.3784 287.9735
-8.9189 5.4054 -59.4127
8.9189 -5.9459 33.8146
-2.7027 9.1892 377.5382
8.3784 0.0000 109.2494
2.1622 4.8649 52.5627
-7.2973 -10.0000 -560.4197
-8.9189 1.8919 -131.4820
5.9459 -0.8108 36.6413
-5.6757 7.0270 135.5764
10.0000 -7.2973 3.0048
3.5135 0.0000 5.1612
-5.6757 -1.8919 -32.3847
-1.6216 0.8108 0.2245
0.2703 0.2703 -0.5267
-1.0811 0.5405 0.3668
5.6757 -8.6486 -283.9163
1.6216 -10.0000 -490.7688
-5.6757 -0.5405 -30.4292
-4.8649 -9.7297 -468.9779
-4.8649 -6.4865 -148.1338
-2.4324 5.1351 62.1247
-5.9459 1.8919 -34.6031
-2.9730 8.1081 256.1288
-3.2432 6.4865 126.3917
3.5135 -7.5676 -203.9613
-8.9189 -4.8649 -185.6792
-4.3243 -0.8108 -11.3042
4.3243 7.8378 244.7565
3.5135 4.0541 34.4220
8.9189 -6.4865 3.0046
1.8919 -7.8378 -233.4456
6.7568 3.7838 78.2400
-7.2973 5.6757 15.3207
-3.5135 -4.3243 -41.2688
-10.0000 -10.0000 -680.0000
6.4865 -1.6216 47.5861
9.4595 -1.8919 158.3357
-0.8108 -7.5676 -208.4183
-8.6486 1.3514 -120.8511
-8.1081 -5.6757 -184.2400
-0.5405 9.7297 451.3245
0.2703 -3.7838 -23.5688
5.9459 -9.4595 -377.6663
-3.2432 6.7568 143.8993
-8.9189 -10.0000 -622.9759
7.2973 -0.8108 70.9640
-2.9730 -9.7297 -453.0979
5.4054 9.4595 439.9453
6.2162 -1.3514 41.9418
8.1081 -0.5405 98.9612
8.6486 9.1892 499.5175
-0.2703 -2.1622 -2.6255
2.4324 8.1081 258.8571
-1.8919 1.8919 2.0315
2.9730 -4.8649 -50.4209
1.0811 7.0270 165.6388
-8.6486 6.2162 -6.8484
2.9730 4.8649 54.9857
1.3514 -0.8108 -0.3135
6.4865 -8.1081 -210.3145
-0.5405 -3.7838 -22.7935
6.7568 -3.2432 41.1235
5.1351 -0.8108 22.4915
-4.8649 2.9730 -7.9970
10.0000 -8.3784 -95.6911
4.8649 -0.8108 18.7067
9.1892 0.8108 145.4557
4.5946 0.0000 14.8041
5.9459 -3.5135 17.9237
5.6757 -0.2703 31.1512
7.0270 -6.7568 -85.1083
8.1081 -0.8108 99.0439
-3.2432 6.2162 110.3056
-8.6486 5.9459 -21.5723
9.4595 8.1081 418.2408
-8.9189 -8.9189 -478.7941
9.1892 6.7568 293.4790
5.1351 -3.7838 -1.3553
0.2703 -9.4595 -414.0296
3.2432 -3.5135 -14.5936
-2.4324 -4.3243 -36.5536
-6.2162 -1.6216 -42.3349
-2.7027 -1.6216 -1.7563
4.0541 -3.2432 -4.5421
-4.5946 0.2703 -15.0645
-3.2432 -6.2162 -117.4649
-8.9189 5.9459 -33.8146
5.9459 -8.6486 -278.7100
0.5405 -0.2703 -0.2486
-1.3514 5.4054 74.4211
9.7297 -5.1351 111.9178
1.3514 3.7838 22.4447
-8.1081 8.1081 159.9116
-2.4324 0.2703 -0.7064
-0.2703 -8.9189 -345.5519
0.5405 -0.5405 -0.0474
-2.9730 8.6486 312.5246
-3.2432 -6.4865 -133.5510
3.2432 -5.1351 -58.9910
0.0000 -0.5405 0.4616
-7.0270 -1.6216 -62.8812
-0.2703 1.6216 0.7769
0.8108 8.3784 284.9869
2.4324 -6.2162 -113.4393
7.5676 4.8649 131.8117
4.5946 4.3243 50.9117
-1.8919 1.0811 0.0882
0.8108 5.6757 85.0362
-8.6486 6.7568 26.7453
-8.6486 9.4595 293.0296
-0.5405 -9.7297 -450.3066
4.8649 -1.0811 18.6117
-7.8378 5.6757 -2.7201
-1.3514 2.7027 8.0262
7.2973 0.8108 69.8754
-2.9730 -9.4595 -416.0456
-8.1081 -7.5676 -307.6221
-6.4865 5.9459 51.0647
0.5405 -4.8649 -53.2122
0.0000 0.5405 -0.4616
-6.7568 -6.2162 -168.8228
6.4865 -4.5946 4.1946
6.7568 -6.2162 -58.9477
-9.1892 2.7027 -138.8317
9.1892 -2.9730 135.8346
-1.8919 5.4054 74.1008
-8.9189 7.5676 76.1465
-4.5946 1.3514 -14.9215
0.0000 -6.7568 -147.4789
2.9730 7.8378 235.1904
-5.9459 -4.5946 -79.9990
8.1081 3.5135 116.6729
0.8108 6.7568 146.7747
2.4324 7.8378 233.3540
8.6486 -3.7838 97.4311
5.9459 2.9730 46.2624
-2.7027 1.3514 -1.3632
-5.1351 3.5135 -3.7739
-5.4054 -5.6757 -111.9225
-6.4865 7.2973 138.8986
7.8378 -5.6757 2.7201
0.8108 0.2703 -0.9646
-5.9459 1.6216 -35.5864
4.5946 7.8378 247.7121
8.6486 -3.2432 106.9196
-7.2973 -7.2973 -257.4150
-4.3243 3.5135 6.3248
2.1622 -6.2162 -114.0258
8.3784 -7.5676 -99.8731
-2.9730 1.0811 -2.7317
-6.4865 -7.8378 -281.0047
0.8108 -9.1892 -379.4881
-3.5135 -6.4865 -135.1326
6.2162 5.6757 127.5648
7.2973 -9.7297 -380.3958
4.5946 9.1892 393.5879
-7.5676 1.6216 -78.5979
1.8919 -5.4054 -74.1008
-3.7838 6.2162 106.8345
-8.3784 8.9189 236.5688
-2.7027 3.7838 22.0567
-4.3243 -4.0541 -41.1093
-5.6757 -8.6486 -345.6978
-2.1622 6.7568 147.6195
2.9730 -7.8378 -230.6256
1.0811 1.8919 0.6655
10.0000 -9.7297 -260.8155
-5.4054 -7.2973 -213.1773
-4.8649 9.1892 360.6215
9.4595 -2.9730 149.6642
-6.4865 9.7297 402.7189
5.9459 -8.9189 -309.7212
5.4054 -2.9730 16.0166
5.4054 7.0270 192.6492
-1.6216 4.3243 36.8764
3.2432 4.8649 56.2829
3.5135 6.4865 135.1326
-6.2162 -2.7027 -48.9928
-6.7568 -0.5405 -54.4759
3.7838 2.4324 11.8143
-5.6757 2.1622 -27.9989
2.7027 10.0000 491.2457
1.0811 -2.4324 -5.5920
-8.9189 7.0270 33.4912
4.5946 8.6486 329.6111
5.4054 5.1351 88.7527
1.0811 1.6216 -0.3178
6.7568 5.4054 128.5008
-7.5676 -7.5676 -288.2309
9.7297 8.1081 432.8995
10.0000 9.1892 568.7839
-7.5676 2.1622 -76.2166
-3.7838 -4.3243 -43.1584
8.3784 1.3514 109.1319
0.2703 -8.6486 -315.0733
4.0541 0.2703 9.0115
3.5135 7.5676 214.2837
-2.4324 6.2162 113.4393
-1.6216 9.1892 379.5526
6.2162 6.4865 171.7957
5.4054 8.1081 284.5932
-2.4324 4.3243 35.6617
-0.8108 4.3243 36.8118
-5.9459 -2.9730 -46.2624
-1.0811 4.5946 44.7304
-2.4324 -0.5405 0.0156
2.9730 1.6216 2.7929
-7.8378 7.0270 78.0066
-6.7568 2.7027 -47.7691
-7.2973 -1.6216 -70.9303
-2.9730 -7.5676 -211.4049
1.0811 8.3784 284.8627
-1.0811 2.9730 10.9938
-0.8108 1.8919 2.1981
4.5946 -7.0270 -151.6631
9.7297 5.6757 260.2288
-5.6757 3.5135 -12.7175
-1.0811 2.7027 7.9968
-8.6486 1.8919 -119.2397
8.9189 -4.0541 103.7151
-3.2432 -5.4054 -77.1429
-6.7568 -1.3514 -54.8201
9.4595 1.0811 159.3803
4.8649 -1.8919 16.6685
-2.4324 -9.1892 -379.2299
2.4324 5.9459 99.6073
2.7027 -10.0000 -488.7543
7.5676 -1.0811 79.5578
-2.1622 1.3514 0.0231
9.7297 5.9459 273.6497
-8.3784 7.2973 77.7458
9.4595 -7.8378 -73.0784
5.9459 7.8378 269.0050
-7.2973 9.7297 380.3958
8.1081 0.2703 98.2392
-3.2432 -1.0811 -3.1303
-9.4595 -7.2973 -346.8249
8.3784 2.9730 119.4148
-4.8649 -7.0270 -184.6295
2.4324 -8.1081 -257.9652
-1.3514 -1.3514 0.9753
1.6216 5.9459 98.3926
3.7838 -10.0000 -482.9493
8.1081 -6.2162 -15.3857
-6.4865 -8.3784 -333.7877
-4.3243 9.7297 438.9671
1.6216 -2.9730 -10.9342
-5.4054 7.8378 206.7260
8.9189 -2.1622 130.0841
-9.4595 4.8649 -107.1263
-4.0541 6.4865 120.6995
0.0000 5.1351 62.5706
6.7568 -9.1892 -323.8464
-10.0000 4.0541 -160.7391
-2.9730 4.8649 50.4209
-4.0541 -0.8108 -8.7276
-1.0811 -4.8649 -51.8749
9.4595 6.4865 289.8010
5.1351 4.0541 51.2080
0.2703 1.3514 -0.3838
7.2973 5.4054 143.9830
-4.5946 7.0270 151.6631
7.8378 -8.3784 -197.2306
6.2162 1.8919 43.3183
-5.6757 -2.7027 -38.0591
-5.6757 6.7568 116.5882
1.0811 -0.2703 -0.5680
9.4595 -8.6486 -154.9774
5.9459 10.0000 526.0970
7.2973 -3.2432 56.6057
-7.0270 6.2162 51.5146
-0.8108 -2.7027 -6.4642
-7.5676 -3.5135 -97.2817
3.7838 0.5405 6.5891
9.7297 6.2162 288.3736
4.5946 -3.2432 0.9901
2.9730 -4.0541 -26.9785
6.2162 7.2973 228.8196
9.4595 8.6486 474.6366
-5.6757 7.2973 156.1045
10.0000 3.5135 208.1733
1.6216 8.6486 314.0383
1.0811 -4.8649 -53.5317
8.9189 9.1892 511.7598
0.5405 7.2973 186.4863
8.6486 5.4054 194.2969
2.4324 9.7297 451.2615
8.3784 -4.8649 56.5461
7.5676 0.0000 79.1084
-4.8649 -9.1892 -396.9463
-1.3514 -2.9730 -9.3076
7.8378 8.9189 434.2787
8.6486 7.8378 353.6416
4.5946 -9.4595 -398.9592
5.4054 -6.4865 -103.7893
-2.4324 5.9459 98.7154
7.8378 0.8108 87.9162
7.8378 -2.9730 78.2951
-4.0541 2.7027 -2.1035
5.1351 -4.5946 -21.9549
4.8649 8.6486 332.9694
5.1351 -4.0541 -7.3137
4.3243 -4.3243 -24.2592
-7.8378 6.7568 59.0184
-8.6486 -5.1351 -183.3042
-8.9189 8.3784 152.7151
-8.9189 -2.4324 -137.7395
-10.0000 -7.2973 -376.9952
-1.0811 6.4865 130.7998
0.0000 2.1622 2.8918
-7.0270 1.3514 -62.4881
0.2703 1.0811 -0.7157
-5.6757 -6.7568 -178.3697
6.4865 5.9459 147.2580
-5.6757 -9.4595 -444.6540
4.5946 -5.9459 -84.3573
8.1081 -1.0811 98.9489
3.5135 -5.9459 -94.0002
7.8378 -6.2162 -25.4248
-4.8649 3.7838 5.1401
7.8378 5.6757 174.2009
5.4054 -3.2432 12.3681
0.0000 -1.3514 0.1175
9.7297 -6.7568 27.0095
0.8108 -2.9730 -10.8696
0.2703 4.5946 43.6357
2.9730 -2.1622 -0.6094
9.4595 7.0270 326.2968
-8.9189 -1.3514 -132.8585
8.6486 -2.9730 110.5682
2.1622 -9.7297 -450.9561
4.0541 4.8649 61.9752
2.9730 -3.5135 -15.8909
-4.0541 0.8108 -9.8162
8.6486 -9.1892 -258.0503
-5.6757 8.1081 227.5204
-3.2432 5.6757 82.1608
2.1622 -4.8649 -52.8439
0.2703 -8.9189 -346.0845
-8.1081 8.9189 247.3186
-0.8108 -3.2432 -13.1098
9.4595 -1.0811 160.2790
-0.2703 5.1351 62.8369
7.0270 -1.6216 61.8601
8.6486 1.8919 122.2275
-0.5405 5.4054 74.0722
6.2162 2.4324 46.5880
7.8378 -7.2973 -98.5347
-3.2432 5.9459 95.5817
7.5676 -8.3784 -206.5826
-9.4595 3.7838 -136.5272
-3.5135 -4.5946 -49.0632
-1.8919 1.6216 1.0481
-8.3784 -7.2973 -296.2446
2.7027 -2.4324 -3.5179
4.0541 1.3514 9.1544
-0.2703 -1.3514 0.3838
-5.4054 2.7027 -19.0137
4.3243 -5.6757 -73.8920
1.6216 2.4324 3.9948
-5.1351 -2.1622 -24.8390
-8.3784 -3.5135 -127.4227
6.2162 4.5946 85.7264
-8.1081 -3.7838 -121.8021
6.4865 -9.7297 -402.7189
-5.4054 9.7297 424.6335
2.1622 -5.6757 -85.8810
-7.2973 -1.0811 -69.9704
4.5946 8.9189 360.6223
1.6216 -2.1622 -3.6606
-8.3784 7.8378 123.6586
-0.5405 -7.0270 -165.9582
-1.6216 5.4054 74.3320
-6.7568 -7.5676 -264.0600
2.7027 -4.3243 -34.8619
-8.6486 0.0000 -120.7336
0.2703 9.1892 378.5176
-3.7838 0.8108 -7.5950
5.6757 7.5676 240.0132
-4.8649 8.3784 267.5287
-3.5135 -3.5135 -23.3345
9.1892 9.1892 524.7839
0.8108 0.0000 -0.7042
-9.4595 9.1892 218.9543
-10.0000 2.9730 -179.8346
4.3243 2.4324 16.6120
-4.3243 4.8649 40.8548
8.3784 6.4865 239.2208
3.7838 3.5135 25.2240
-1.3514 0.8108 0.3135
-7.0270 -1.3514 -62.2532
-10.0000 7.5676 19.1225
-6.2162 -6.2162 -155.7096
-8.9189 0.8108 -133.5202
2.1622 0.5405 -0.6021
9.7297 -1.8919 172.9945
-9.4595 5.4054 -86.2664
-9.7297 2.4324 -169.7248
-6.4865 -3.7838 -71.3991
-3.7838 7.8378 225.8573
1.6216 -5.4054 -74.3320
7.0270 8.9189 408.1889
4.0541 5.9459 108.4333
-0.8108 -4.3243 -35.4034
2.9730 -10.0000 -487.7176
2.1622 -9.4595 -413.9038
2.7027 -7.5676 -207.8767
3.2432 3.2432 17.3936
-8.1081 1.8919 -97.0057
-4.8649 7.0270 148.3047
-6.2162 8.3784 243.8667
-9.7297 -2.4324 -179.2520
2.4324 2.7027 7.6144
0.0000 -1.6216 -0.5105
9.4595 7.5676 368.9521
-6.4865 -8.9189 -393.9149
-3.2432 -10.0000 -493.5796
1.8919 -6.7568 -148.0165
5.4054 -9.1892 -352.6018
-0.5405 7.8378 233.4170
5.9459 1.6216 36.6075
-5.4054 8.6486 288.6250
5.6757 1.3514 30.7733
-1.6216 5.6757 86.5092
-9.4595 -4.5946 -203.7317
1.6216 6.4865 129.2026
4.3243 8.6486 326.6555
4.0541 10.0000 499.2719
-8.3784 -9.1892 -488.0333
-4.5946 -5.9459 -113.9654
1.3514 5.4054 72.7055
-7.5676 -7.2973 -266.1037
6.4865 1.3514 47.9792
-3.5135 7.5676 203.9613
-4.5946 8.3784 270.8870
2.7027 -5.4054 -72.3175
-1.8919 4.5946 44.4396
-2.1622 -2.1622 -2.7513
-0.2703 3.2432 14.0803
7.2973 -10.0000 -419.5803
9.7297 0.0000 174.4884
-8.1081 2.7027 -91.3312
-2.7027 5.4054 72.3175
4.0541 -5.4054 -64.2914
8.1081 7.5676 307.6221
-8.1081 -1.8919 -99.9935
-5.1351 -8.1081 -280.3583
8.9189 -8.9189 -212.8423
5.1351 6.2162 135.8324
-9.7297 -0.8108 -173.9441
2.1622 7.5676 208.9819
-4.0541 10.0000 480.7281
-7.0270 3.2432 -48.5567
-2.7027 1.0811 -1.6951
0.8108 -1.3514 -0.5867
0.0000 2.9730 10.1654
-5.6757 2.9730 -20.7253
-5.9459 -0.8108 -35.5527
4.5946 1.3514 14.6866
4.8649 6.4865 148.1338
-6.2162 0.5405 -42.2859
-0.8108 8.1081 259.1154
8.1081 -8.1081 -159.9116
-8.9189 -0.8108 -132.4316
-0.5405 2.4324 5.2725
5.1351 -5.1351 -40.6235
-7.8378 -3.2432 -102.2745
-1.3514 -9.4595 -412.9055
-4.3243 -8.1081 -270.2596
-4.3243 2.7027 -4.6801
-4.5946 -7.0270 -181.2712
3.5135 8.3784 290.8523
5.6757 -1.6216 30.3802
5.9459 3.2432 49.9110
-7.2973 4.3243 -34.3121
-8.1081 -8.9189 -444.3178
-1.0811 -2.9730 -9.3371
-5.1351 7.0270 144.5200
-2.7027 2.4324 3.5179
-5.6757 -2.4324 -35.6544
-1.3514 -0.8108 1.4021
5.4054 2.4324 30.9456
2.4324 8.3784 286.1371
-2.9730 -5.4054 -75.8457
-5.1351 -5.1351 -84.5178
-4.8649 -0.2703 -17.9020
-3.2432 -9.7297 -454.3952
9.7297 4.5946 218.3904
8.9189 -8.1081 -125.4352
6.7568 -4.8649 2.2342
-5.1351 8.3784 263.7439
-3.2432 0.8108 -4.1239
-8.1081 3.2432 -84.6856
8.1081 -9.4595 -315.2637
1.3514 -8.3784 -286.5489
-6.7568 4.3243 -18.8299
-8.6486 7.2973 66.2616
4.8649 -10.0000 -471.8376
-2.4324 -2.7027 -7.6144
-4.3243 6.2162 102.0368
3.5135 8.9189 350.9794
-10.0000 -5.1351 -252.5706
7.8378 2.4324 93.2241
4.3243 2.7027 19.0168
-5.1351 -8.9189 -367.7654
-5.6757 5.6757 54.8497
-5.1351 0.5405 -22.4087
7.2973 -8.6486 -244.3873
8.1081 10.0000 588.4996
-8.6486 -3.7838 -144.0361
-3.7838 -8.9189 -352.8689
6.7568 -4.3243 18.8299
-1.8919 -4.8649 -52.1657
7.0270 -5.1351 -0.2000
-5.6757 -10.0000 -520.8908
3.5135 -1.6216 4.6507
1.8919 -6.2162 -114.4228
-0.2703 -1.0811 0.7157
-6.7568 2.1622 -52.0457
-1.6216 9.7297 451.5843
-8.1081 -2.4324 -103.2632
-2.9730 -4.0541 -31.5432
-7.5676 -7.8378 -312.0165
7.8378 -1.6216 87.9500
-4.5946 -5.1351 -77.3747
6.2162 10.0000 531.8244
-5.4054 8.1081 232.2291
0.0000 -0.2703 0.2604
-9.4595 -5.6757 -245.5701
0.5405 0.5405 -0.9705
2.1622 8.3784 285.5505
-3.2432 2.1622 -0.6878
10.0000 6.7568 337.4789
5.6757 9.1892 409.6746
5.9459 -4.0541 6.8361
2.1622 -3.7838 -23.4430
6.4865 2.7027 55.2650
-0.8108 5.4054 74.2675
-1.0811 8.3784 286.5195
0.0000 -5.9459 -99.1614
7.2973 -2.9730 60.2543
-5.4054 -0.5405 -25.7205
-7.0270 -7.2973 -249.3659
-7.0270 -0.2703 -62.1102
-3.5135 -2.7027 -12.3296
8.3784 -9.4595 -304.5138
-8.3784 -6.2162 -223.1347
-4.0541 -6.2162 -123.1572
-0.8108 6.4865 130.6756
9.1892 2.4324 150.7636
-7.0270 3.5135 -44.1974
-2.7027 -1.8919 -2.7396
-4.8649 -4.0541 -47.4233
-9.1892 1.0811 -146.4494
8.1081 -7.8378 -134.4084
1.3514 -1.3514 -0.7403
4.0541 -4.5946 -34.6301
-9.7297 -10.0000 -664.4884
0.8108 -5.9459 -99.8656
6.2162 -5.6757 -43.9161
-3.7838 8.1081 251.3604
-5.1351 -6.2162 -135.8324
6.4865 -5.4054 -25.4666
-0.5405 -2.1622 -2.3829
-10.0000 4.5946 -146.0980
3.7838 10.0000 497.0507
-4.0541 -7.2973 -196.2672
-3.5135 -1.8919 -6.6551
2.9730 -8.1081 -256.1288
-1.0811 8.6486 315.6354
-0.5405 -0.8108 1.0532
4.0541 -7.5676 -199.8506
-6.2162 -1.3514 -41.7069
-8.6486 -1.0811 -120.2843
-1.6216 2.1622 3.6606
8.3784 3.5135 127.4227
6.7568 -8.9189 -290.8807
-2.4324 -7.2973 -187.4412
-6.7568 -3.5135 -73.1108
2.4324 -0.8108 0.9903
6.2162 -9.7297 -408.9912
0.5405 -3.7838 -23.8114
1.8919 8.6486 314.2694
-5.6757 1.0811 -31.3401
-1.0811 -1.3514 0.9458
-8.6486 -0.2703 -120.4732
-8.1081 6.7568 48.9793
-5.9459 4.8649 16.6063
-1.0811 10.0000 490.8284
6.7568 -6.4865 -75.0339
1.0811 -0.8108 -0.2841
-0.5405 3.7838 23.8114
0.5405 5.4054 73.0543
4.3243 -1.0811 12.2978
5.1351 -8.6486 -292.8599
-4.5946 2.7027 -7.6357
0.0000 4.0541 29.2609
7.0270 5.4054 135.9339
5.1351 7.5676 231.0696
-7.0270 8.3784 223.3204
-9.4595 -2.7027 -166.9980
1.8919 -5.6757 -86.2780
7.5676 5.4054 152.6717
9.4595 3.5135 178.0029
-6.7568 -1.6216 -55.4480
-4.0541 -5.4054 -82.8352
-3.5135 -3.2432 -18.9752
-2.4324 -7.0270 -166.9131
2.9730 2.4324 7.0460
2.9730 0.5405 1.8208
6.2162 0.2703 41.5640
2.9730 8.6486 317.0894
4.5946 -6.4865 -115.1673
2.7027 1.3514 1.1283
4.0541 3.7838 32.5744
-4.8649 3.2432 -4.3484
-1.3514 2.9730 11.0232
10.0000 0.0000 190.0000
9.4595 1.3514 159.7122
-7.5676 1.0811 -79.5578
-1.6216 6.4865 130.7401
2.1622 6.2162 113.7447
-7.0270 2.9730 -52.2052
9.4595 -8.1081 -98.5815
2.4324 6.2162 114.3312
-8.6486 -8.1081 -379.1448
-9.7297 9.7297 276.3272
8.3784 -10.0000 -380.7506
2.1622 -8.9189 -345.9588
7.2973 -5.9459 -28.7416
0.5405 -10.0000 -490.5090
5.6757 -3.2432 17.0768
-8.6486 -0.8108 -120.1893
-5.4054 5.1351 36.3886
-3.2432 -0.8108 -3.0354
-5.6757 -6.4865 -160.8621
0.0000 2.7027 7.1684
0.5405 -4.5946 -44.4110
-1.6216 -0.5405 1.2303
-8.6486 7.8378 112.1744
-9.4595 8.6486 154.9774
7.0270 8.3784 348.0617
9.4595 -10.0000 -330.1704
7.0270 -8.6486 -252.4364
-9.4595 8.9189 185.9886
4.8649 -2.4324 13.3988
-5.1351 9.4595 391.8161
-8.9189 -7.5676 -342.0984
-2.7027 7.2973 185.7495
8.1081 -3.2432 84.6856
8.3784 3.2432 123.0634
-6.4865 -4.3243 -84.2043
-1.0811 1.0811 0.3790
-10.0000 8.9189 155.8182
5.9459 -1.0811 36.5463
3.2432 -8.3784 -282.1114
-2.4324 7.5676 208.6765
4.8649 -4.3243 -17.9452
0.2703 -6.7568 -147.7452
1.3514 -8.9189 -346.6760
3.2432 2.1622 6.4715
-5.9459 -7.8378 -269.0050
-8.1081 1.0811 -98.9489
7.8378 -6.7568 -59.0184
5.1351 -9.7297 -428.8684
-2.1622 4.5946 44.0426
-2.7027 8.9189 344.5725
-5.6757 3.2432 -17.0768
-8.6486 -1.6216 -121.2442
-5.4054 -4.8649 -78.8854
8.3784 -4.0541 79.9885
-0.8108 -0.5405 1.1658
-2.9730 0.8108 -2.8267
4.5946 -4.5946 -29.0980
-2.1622 -8.3784 -285.5505
2.1622 9.7297 450.6750
7.5676 7.8378 312.0165
10.0000 -6.2162 76.1147
-2.7027 -7.8378 -234.1538
-6.2162 -2.4324 -46.5880
7.2973 7.2973 257.4150
7.0270 2.7027 69.5390
-0.5405 10.0000 490.5090
7.2973 1.6216 70.9303
-2.7027 -9.7297 -452.0613
1.8919 0.8108 -1.0819
-6.4865 0.8108 -48.6409
6.2162 -6.4865 -88.1470
-0.2703 -10.0000 -489.7337
-1.0811 -4.5946 -43.0737
-8.9189 6.2162 -19.0907
9.7297 9.4595 588.2516
-4.0541 -9.4595 -423.0352
-8.6486 -3.5135 -138.9069
9.1892 9.4595 559.7633
-5.9459 2.4324 -31.3334
6.4865 2.4324 52.8602
-2.1622 -4.3243 -35.9671
-9.4595 2.1622 -156.9378
-6.7568 1.0811 -55.3868
-1.0811 -4.0541 -28.4325
-1.3514 -9.7297 -449.9578
-7.5676 -3.2432 -92.9224
-4.0541 4.5946 34.6301
2.9730 0.8108 1.7381
-7.2973 -7.0270 -236.8869
-4.8649 7.2973 168.8328
-5.6757 0.5405 -31.3523
-2.1622 -2.9730 -10.0249
7.5676 10.0000 569.1084
-0.2703 3.5135 18.4396
5.4054 -5.9459 -72.9793
-4.5946 -2.9730 -24.9695
-10.0000 -9.4595 -603.7633
-3.2432 5.1351 58.9910
7.8378 -10.0000 -401.5395
1.3514 -10.0000 -490.8578
-8.3784 1.6216 -108.7389
-4.3243 10.0000 478.1515
-7.8378 3.5135 -70.2872
8.3784 0.5405 108.7878
-9.7297 -6.4865 -304.4598
-5.9459 -6.2162 -149.9822
-4.0541 -8.1081 -267.6831
-5.1351 -7.0270 -188.4143
4.8649 8.1081 276.5735
-7.2973 2.7027 -63.2513
-0.2703 8.1081 258.6775
-4.3243 -4.3243 -47.9561
1.8919 7.8378 232.3704
-7.2973 2.4324 -65.6561
-3.5135 10.0000 484.8388
0.0000 9.7297 450.8155
-5.4054 7.2973 160.8132
9.1892 -1.8919 144.5061
6.4865 10.0000 538.0967
-0.5405 -5.4054 -73.0543
-6.4865 2.7027 -40.9283
-5.4054 6.2162 87.7032
-3.7838 -9.4595 -420.8140
1.8919 3.5135 17.6357
2.9730 -6.7568 -145.1965
9.7297 -0.8108 175.0327
9.1892 10.0000 636.0000
7.8378 2.9730 98.6259
5.4054 -8.6486 -288.6250
-5.1351 5.1351 40.6235
-4.0541 -3.2432 -23.0859
-6.2162 2.9730 -31.6589
-4.5946 -8.9189 -360.6223
5.9459 7.2973 223.0922
5.9459 4.0541 65.3578
6.4865 -3.5135 29.9234
-7.5676 -10.0000 -569.1084
-6.7568 -0.8108 -54.3932
1.8919 -8.6486 -315.3446
-4.5946 -1.6216 -15.3146
2.1622 4.3243 35.9671
-7.0270 -3.7838 -85.6731
-0.8108 -1.8919 -0.7897
-4.3243 -5.9459 -111.0098
3.5135 -9.7297 -445.6544
-2.1622 1.8919 1.6345
9.4595 -4.0541 130.5688
8.6486 -9.7297 -330.0819
4.0541 -0.8108 9.8162
5.6757 -2.7027 23.7224
7.8378 1.8919 89.9544
-7.8378 -1.0811 -88.0112
-9.7297 5.1351 -111.9178
10.0000 -0.5405 190.4616
4.5946 -2.4324 10.0405
5.9459 -0.2703 36.3574
0.2703 -7.2973 -187.2616
-4.0541 -0.2703 -9.0115
-4.8649 5.6757 67.5780
0.0000 3.7838 23.3025
-8.6486 0.5405 -121.1952
-0.5405 -1.3514 0.6264
1.0811 -0.5405 -0.3668
-6.4865 6.4865 81.8747
8.3784 5.1351 171.8200
4.8649 1.8919 19.6563
-9.1892 -3.2432 -159.8140
7.2973 9.4595 484.1830
-8.9189 8.1081 125.4352
-2.9730 5.6757 83.4580
-8.3784 5.4054 -35.6861
6.7568 -7.5676 -154.1849
-7.8378 -0.5405 -87.9989
-1.8919 2.9730 10.7030
-8.9189 -8.1081 -391.3871
-6.2162 0.2703 -42.0848
7.5676 -0.8108 79.6527
2.1622 5.4054 73.4227
5.4054 2.1622 29.0739
-9.4595 0.2703 -160.0900
8.9189 -1.6216 132.4654
1.3514 -4.8649 -53.5611
-6.4865 9.4595 365.6666
-2.9730 7.0270 164.1847
4.0541 2.7027 16.4403
-5.1351 5.6757 63.7933
2.1622 -4.0541 -29.4014
8.3784 5.4054 182.8127
-3.2432 8.9189 342.2386
-4.5946 -7.8378 -247.7121
-2.9730 10.0000 487.7176
1.0811 0.2703 -1.0888
-0.8108 5.1351 63.2748
1.3514 -2.4324 -5.6214
-5.4054 -9.1892 -404.9659
-9.1892 -7.2973 -332.9953
-3.2432 4.8649 49.1236
2.4324 9.4595 414.2092
-7.8378 -7.2973 -275.4557
8.9189 -4.3243 96.8683
1.6216 4.3243 35.3389
6.4865 -6.2162 -65.7886
2.1622 2.1622 2.7513
-7.5676 6.7568 68.3705
4.0541 0.0000 9.2719
-0.2703 8.9189 346.0845
-7.2973 7.5676 138.7027
4.5946 -0.8108 15.3484
-1.8919 -10.0000 -489.4624
3.5135 1.6216 5.6717
-8.9189 3.7838 -109.6735
3.5135 -3.7838 -18.1413
-2.1622 7.2973 187.1358
5.9459 -5.1351 -26.4737
2.1622 2.4324 4.6230
-5.4054 3.5135 -8.0088
9.1892 -6.4865 16.0287
4.5946 -3.7838 -8.4984
-10.0000 2.7027 -182.8316
1.6216 3.2432 13.0452
0.0000 -8.9189 -345.8182
5.1351 1.0811 21.4978
1.0811 -7.8378 -233.7364
6.7568 -8.1081 -203.4736
-1.3514 -6.4865 -129.1136
-9.1892 9.1892 232.7838
-3.7838 9.1892 371.7332
-9.4595 -4.3243 -195.9373
9.1892 -0.2703 146.2604
7.5676 -7.8378 -153.7996
-3.2432 4.3243 32.5280
-1.3514 -2.7027 -6.3106
1.6216 5.6757 84.9717
-0.8108 -5.1351 -61.8664
-2.7027 -3.7838 -24.5482
-2.7027 -4.0541 -30.5066
-1.0811 5.4054 74.3916
8.9189 -9.7297 -317.8396
0.0000 -3.5135 -18.1733
6.4865 -4.8649 -4.6066
5.6757 -5.6757 -54.8497
-10.0000 -2.1622 -192.8918
-4.5946 6.7568 132.6749
3.7838 8.6486 321.8577
8.3784 -8.9189 -236.5688
1.6216 0.5405 -1.2303
-7.5676 -5.4054 -152.6717
-5.6757 -7.0270 -197.3579
3.5135 -0.2703 5.4216
-10.0000 3.7838 -166.6975
-1.8919 9.4595 414.3008
-6.4865 4.8649 4.6066
3.7838 7.0270 173.5179
-4.3243 -3.2432 -25.6624
3.7838 -2.1622 4.1589
-9.4595 -0.2703 -159.5692
2.7027 1.0811 0.7964
6.4865 -6.4865 -81.8747
7.5676 -4.3243 43.0008
4.3243 1.0811 11.3991
7.2973 6.2162 184.3050
-7.5676 5.6757 6.6320
-7.2973 -2.7027 -77.5881
3.2432 6.7568 151.0586
7.5676 -8.9189 -266.7098
7.5676 -1.8919 77.6146
4.3243 9.4595 425.6117
-6.4865 -5.6757 -133.8371
-3.7838 -1.8919 -8.5446
4.0541 8.3784 294.9630
10.0000 -2.1622 187.1082
-6.4865 2.1622 -45.2048
-1.3514 -4.8649 -51.8455
7.5676 -5.6757 -6.6320
6.4865 -2.9730 37.9312
-5.9459 -1.0811 -35.6476
5.4054 4.5946 70.0841
-3.2432 9.7297 447.2359
3.2432 4.5946 47.4817
1.6216 7.2973 186.2265
9.7297 -4.3243 138.3807
5.6757 -8.3784 -254.8003
-6.4865 -2.9730 -58.2621
-1.0811 5.1351 63.3990
-10.0000 -2.7027 -197.1684
4.8649 4.3243 54.2700
-9.7297 -1.8919 -175.9823
6.4865 6.7568 195.5756
2.1622 1.8919 1.3533
1.0811 -3.5135 -19.0016
-7.0270 -2.1622 -65.2625
2.4324 10.0000 490.4460
-7.2973 -9.1892 -449.2036
4.3243 5.9459 111.0098
7.8378 4.5946 132.3625
0.0000 -8.1081 -258.4112
-3.5135 -7.2973 -192.1564
8.9189 7.5676 342.0984
-1.0811 -6.4865 -129.1430
-0.8108 -9.7297 -450.1113
-1.6216 2.9730 10.9342
0.5405 -0.8108 0.0353
-1.8919 -2.7027 -6.6308
2.4324 -7.0270 -166.0212
-3.7838 2.7027 0.1177
-5.9459 6.2162 77.7883
5.1351 1.8919 23.4411
-4.0541 -6.4865 -139.2433
-1.8919 8.1081 258.9487
-8.3784 3.7838 -85.9469
-9.1892 5.9459 -46.8387
-4.8649 5.4054 55.4009
-1.8919 -6.4865 -129.4338
-8.9189 0.0000 -132.9759
-8.3784 1.8919 -107.7555
1.0811 2.9730 9.3371
7.5676 1.6216 79.6190
8.3784 1.0811 108.8001
-6.2162 -7.8378 -274.7324
-2.4324 -6.2162 -114.3312
0.2703 8.3784 285.4248
-8.1081 -7.8378 -331.4076
-5.4054 5.6757 59.5584
7.0270 -6.4865 -67.6007
-8.9189 4.8649 -80.2726
1.6216 -4.8649 -53.4721
9.7297 -3.2432 160.6744
-7.0270 0.2703 -62.6310
-9.7297 -9.1892 -553.2723
5.6757 -9.7297 -419.9248
8.3784 9.1892 488.0333
-6.2162 -1.0811 -41.3750
-3.7838 -8.6486 -321.8577
1.6216 -6.2162 -114.6540
-0.2703 4.8649 52.9696
-1.6216 -1.6216 0.2582
-9.7297 -7.8378 -407.3964
0.5405 -7.2973 -187.5042
8.3784 -3.2432 95.4354
0.2703 -5.4054 -73.8296
-10.0000 10.0000 300.0000
1.6216 -1.3514 -0.6513
4.8649 7.0270 184.6295
1.3514 -1.8919 -2.3517
5.9459 9.4595 449.8602
9.7297 -8.6486 -140.3186
-7.8378 -9.7297 -539.2761
6.7568 6.7568 202.4164
-9.1892 7.5676 63.1224
-9.1892 -5.6757 -231.7405
2.7027 -3.2432 -12.5683
6.7568 -9.7297 -395.8780
3.7838 -4.5946 -36.8513
7.2973 8.3784 356.1108
8.9189 -9.4595 -280.7873
-2.7027 -2.7027 -8.4141
5.4054 5.9459 125.3434
-7.8378 -4.5946 -132.3625
-4.3243 6.4865 118.1229
1.0811 7.2973 186.1669
-2.4324 4.0541 28.8149
-4.5946 -2.4324 -19.5676
-8.1081 -8.6486 -413.3066
2.4324 1.8919 1.9399
2.7027 6.4865 131.2171
-7.2973 -7.8378 -303.3277
0.0000 8.6486 314.8070
5.9459 -3.2432 22.2830
1.0811 -2.1622 -3.7202
7.5676 7.0270 245.5756
9.7297 7.2973 361.4836
7.2973 5.9459 169.5811
-3.7838 -1.3514 -6.9333
2.1622 -0.8108 0.4037
-6.7568 8.1081 203.4736
-2.4324 3.7838 22.8565
-1.6216 -9.7297 -450.0468
-9.7297 -1.3514 -174.3709
-2.9730 -5.6757 -88.0228
5.6757 5.4054 104.4540
4.3243 0.2703 11.5881
7.2973 1.8919 71.9136
-2.7027 -7.5676 -210.3682
-2.9730 -9.1892 -381.0663
2.1622 -9.1892 -378.9244
9.7297 -5.4054 100.9251
9.7297 -8.1081 -83.9228
7.0270 -5.9459 -36.7907
-6.4865 4.5946 -4.1946
5.1351 -9.1892 -356.8367
-3.2432 -8.1081 -261.9908
0.0000 -1.8919 -1.4939
8.6486 2.7027 127.9020
4.5946 8.1081 273.2152
8.6486 -1.6216 120.2231
8.9189 6.7568 280.4549
8.3784 9.7297 560.0650
-2.7027 5.6757 84.4947
3.2432 5.1351 66.1503
0.5405 -7.5676 -209.6314
-3.5135 3.7838 18.1413
6.7568 -4.5946 11.0355
-8.1081 0.2703 -98.7600
0.2703 0.0000 -0.2663
0.8108 -0.8108 -0.1599
4.0541 8.9189 355.0901
-3.5135 -2.4324 -9.9248
-8.3784 5.1351 -46.6788
3.5135 -6.4865 -124.8102
8.9189 -0.5405 133.4375
-2.7027 -6.7568 -148.7247
1.8919 7.0270 165.9296
3.7838 9.7297 457.8663
3.2432 -6.4865 -126.3917
-3.2432 2.7027 3.5887
5.4054 7.8378 259.0901
-7.8378 8.6486 226.3465
0.0000 -7.8378 -232.9080
8.3784 -0.2703 109.5098
-5.4054 -1.0811 -25.7327
-7.5676 -4.5946 -123.0105
6.4865 -1.0811 48.5460
-3.7838 5.1351 55.5199
7.8378 9.7297 539.2761
-10.0000 -6.4865 -319.9714
5.1351 8.9189 367.7654
0.5405 -7.8378 -233.4170
-2.7027 -5.6757 -86.9862
-0.8108 2.4324 5.4678
4.3243 -0.2703 12.1089
-2.7027 -8.6486 -316.0528
9.4595 0.2703 159.5692
-4.8649 -8.6486 -332.9694
9.7297 -4.8649 121.7851
-8.9189 9.4595 280.7873
-7.8378 8.3784 197.2306
8.9189 2.7027 140.1443
-5.4054 -7.5676 -235.3045
-0.5405 -9.4595 -413.2543
2.1622 -7.5676 -209.2630
-9.1892 5.4054 -72.4368
-1.6216 -8.1081 -257.6424
8.6486 -4.5946 76.8316
4.0541 7.5676 218.3944
-2.9730 6.7568 145.1965
-0.2703 9.4595 414.0296
-6.2162 1.3514 -41.9418
-7.0270 10.0000 427.6294
-3.5135 -4.0541 -34.4220
3.7838 -8.9189 -338.7675
-0.5405 7.0270 166.9761
5.9459 -1.8919 34.6031
1.3514 3.5135 17.3155
9.1892 1.6216 146.5106
-6.2162 4.8649 10.8789
3.5135 4.5946 49.0632
6.4865 7.0270 214.5638
-3.2432 7.8378 229.3284
3.2432 8.6486 318.3867
-7.0270 5.9459 36.7907
-2.4324 -5.9459 -99.6073
3.7838 6.2162 120.9360
-5.9459 -3.2432 -49.9110
9.7297 3.5135 192.6616
-4.3243 -2.7027 -19.0168
-8.6486 -6.4865 -250.7050
-2.7027 1.6216 -0.7352
4.8649 -1.6216 17.6519
-3.2432 1.0811 -4.0290
5.4054 4.0541 55.4429
6.4865 -3.7838 24.7942
-8.1081 -7.2973 -285.4948
4.5946 -8.3784 -270.8870
9.7297 -5.6757 88.7480
-6.2162 -4.3243 -77.9320
4.0541 -2.4324 4.5083
3.5135 -7.8378 -227.7468
-7.2973 8.3784 215.2714
1.8919 -1.8919 -2.0315
-8.1081 5.9459 0.6618
-1.8919 -6.7568 -146.9413
-8.3784 -8.6486 -424.0564
-6.4865 -8.6486 -362.9037
6.2162 -4.0541 12.5635
-7.0270 5.4054 11.1926
-2.9730 -6.2162 -116.1677
-0.5405 6.2162 114.3942
-5.9459 -7.2973 -223.0922
-10.0000 -0.2703 -189.7396
8.3784 -0.5405 109.7110
9.1892 -4.3243 109.8924
5.9459 3.5135 54.2702
9.7297 9.1892 553.2723
-1.0811 6.2162 114.7136
10.0000 8.6486 504.8070
4.3243 2.1622 14.7403
8.9189 -7.5676 -76.1465
7.2973 -7.8378 -162.4883
9.1892 -8.1081 -112.4111
-3.7838 9.7297 443.7648
-4.0541 -2.1622 -12.1637
-7.8378 4.5946 -44.5585
8.9189 0.2703 132.7155
0.0000 -6.4865 -129.9714
-4.3243 -1.8919 -13.3423
-6.7568 -1.0811 -54.4882
-1.3514 1.6216 1.3683
-4.3243 1.3514 -11.9659
-2.4324 -9.7297 -451.2615
-9.7297 5.4054 -100.9251
5.9459 -2.4324 31.3334
4.8649 1.0811 17.7131
-5.9459 -7.0270 -202.5641
-7.8378 0.2703 -88.7209
-8.9189 -5.6757 -218.7164
4.3243 -5.4054 -61.7148
-5.1351 8.9189 323.8710
8.1081 9.1892 477.2835
-6.7568 -7.2973 -241.9328
-5.1351 -4.8649 -74.6505
-5.9459 -4.3243 -72.2046
5.6757 3.5135 49.0640
6.7568 2.4324 59.7011
3.5135 -2.9730 -5.0042
-1.3514 -8.6486 -313.9492
-5.9459 2.9730 -25.9315
7.0270 5.1351 124.9413
9.4595 1.6216 160.3402
-9.7297 0.5405 -174.9500
0.5405 8.6486 314.2981
0.5405 -3.5135 -18.6822
-4.5946 3.5135 3.3692
7.0270 -7.0270 -104.0965
-0.5405 4.5946 44.4110
8.3784 -5.4054 35.6861
4.8649 -4.5946 -25.7396
1.0811 -4.5946 -44.7304
-1.8919 -3.7838 -22.7649
-10.0000 -2.9730 -200.1654
-2.4324 5.4054 73.1173
-8.9189 -5.1351 -195.5466
2.4324 0.5405 -0.0156
-7.8378 2.9730 -78.2951
-6.7568 1.6216 -54.4270
-0.8108 -9.1892 -378.0797
-5.4054 -6.4865 -156.1534
-0.2703 0.2703 0.0059
-3.7838 9.4595 406.7125
-8.1081 4.8649 -45.7963
-9.1892 6.7568 1.4789
-4.8649 4.0541 11.0985
-6.7568 5.4054 18.6257
7.5676 -7.2973 -107.8868
0.0000 -4.3243 -36.1076
-6.4865 -9.7297 -498.9122
0.5405 6.7568 146.9700
6.2162 -8.1081 -216.5868
6.7568 3.2432 68.7515
6.7568 2.7027 62.1059
-5.6757 7.8378 202.0173
-3.5135 9.7297 445.6544
9.4595 0.5405 159.3681
-0.5405 -8.6486 -314.2981
-7.2973 7.2973 116.5755
-9.7297 -2.7027 -181.6568
-0.8108 -3.7838 -22.5983
5.4054 6.7568 173.6610
5.1351 2.9730 32.1126
-9.7297 -5.4054 -248.0516
-9.7297 -8.3784 -460.1795
-3.2432 8.3784 282.1114
-2.4324 -5.6757 -86.1864
-1.8919 -1.8919 -0.9563
1.8919 9.1892 378.2463
4.8649 -1.3514 18.2799
3.2432 -8.9189 -342.2386
8.6486 -7.8378 -112.1744
8.3784 4.5946 153.1514
7.8378 -3.2432 74.6465
6.4865 9.1892 426.8805
8.9189 -2.7027 125.8076
-8.6486 2.7027 -113.5652
-6.4865 -9.1892 -426.8805
1.0811 5.6757 84.9120
0.2703 -2.1622 -3.1582
-7.8378 -8.9189 -434.2787
5.6757 -2.1622 27.9989
-9.7297 -9.7297 -625.3039
-1.3514 -0.5405 1.3194
-9.4595 7.2973 27.1656
-3.2432 -9.4595 -417.3429
3.5135 7.0270 171.6283
5.6757 -7.8378 -202.0173
5.6757 -3.7838 7.5883
9.1892 1.3514 145.8826
7.2973 -7.0270 -96.0474
3.5135 8.1081 263.5723
7.2973 -2.1622 67.5279
5.4054 -2.4324 21.4185
8.3784 -7.8378 -123.6586
-9.4595 5.6757 -74.0892
-5.9459 2.1622 -33.2051
2.7027 2.1622 4.1376
0.0000 -4.0541 -29.2609
0.5405 0.0000 -0.5090
6.2162 5.1351 104.3950
-2.4324 8.3784 285.2451
-5.9459 -8.6486 -350.9040
0.0000 8.1081 258.4112
1.6216 0.0000 -0.7688
-1.6216 -8.6486 -314.0383
4.3243 -4.5946 -32.0536
10.0000 7.0270 356.4671
-7.8378 1.8919 -86.9666
-7.0270 -5.9459 -161.5320
-8.9189 0.5405 -133.4375
2.1622 -3.2432 -13.9546
-8.3784 4.8649 -56.5461
5.1351 -7.2973 -165.0481
-4.8649 -1.8919 -19.6563
0.2703 -0.2703 -0.0059
7.2973 -8.1081 -187.9914
-1.0811 -0.5405 1.2900
-7.5676 7.0270 87.3587
-6.7568 7.2973 132.0577
-4.3243 7.5676 197.2740
-0.5405 0.0000 0.5090
-0.8108 -2.9730 -9.4612
-8.9189 4.5946 -89.0739
1.6216 1.8919 0.7251
2.9730 6.7568 149.7613
1.3514 8.9189 344.9604
-10.0000 -4.8649 -242.7033
0.5405 1.3514 -0.6264
-4.0541 -8.9189 -355.0901
-9.4595 1.8919 -158.3357
2.7027 6.7568 148.7247
5.4054 0.0000 26.1821
-5.4054 4.8649 26.5212
-5.6757 -7.2973 -217.8860
3.2432 9.7297 454.3952
-2.1622 2.7027 7.3089
5.4054 -8.1081 -232.2291
-7.2973 -1.8919 -71.9136
4.3243 7.0270 178.3156
1.3514 -9.4595 -414.6210
-7.0270 -6.2162 -176.2559
2.7027 -0.8108 1.7900
-4.8649 -6.2162 -132.0477
9.1892 4.5946 189.9021
-7.0270 8.1081 196.0405
-9.7297 2.7027 -167.3200
-9.1892 -0.2703 -145.7396
-3.2432 3.2432 10.2343
3.2432 -7.2973 -183.4156
7.5676 -8.6486 -235.6986
-5.6757 8.3784 254.8003
8.1081 -8.9189 -247.3186
0.0000 -2.7027 -7.1684
8.3784 -9.7297 -341.5661
-5.9459 3.5135 -17.9237
-0.8108 9.1892 379.4881
-8.1081 -8.3784 -384.1907
-1.3514 -5.1351 -61.7128
-7.0270 -4.5946 -106.2727
-2.4324 -1.3514 -0.3285
-6.7568 7.8378 177.9705
-8.9189 -7.2973 -319.9712
2.9730 9.1892 381.0663
2.7027 -2.9730 -8.9197
6.4865 3.7838 71.3991
9.7297 0.2703 174.2280
4.0541 4.3243 45.3795
-1.0811 -9.7297 -449.9872
-1.3514 5.1351 63.4284
4.8649 -6.4865 -111.8090
-1.0811 4.0541 30.0892
9.1892 -7.0270 -20.4671
-1.8919 3.5135 18.7108
-5.4054 3.7838 -2.8796
0.8108 0.8108 -1.2485
-1.0811 4.3243 36.9360
1.6216 -7.2973 -187.7640
-3.5135 -6.7568 -152.6401
-4.8649 6.4865 111.8090
2.9730 6.2162 116.1677
5.4054 -4.0541 -3.0788
1.3514 -0.5405 -0.3962
2.7027 -5.6757 -84.4947
7.2973 7.0270 236.8869
-2.1622 7.8378 233.0486
9.1892 4.8649 198.7033
3.7838 -5.6757 -78.6897
5.6757 9.7297 481.7063
-2.9730 -0.2703 -2.0220
-4.0541 8.3784 276.4192
1.6216 9.7297 450.0468
4.8649 -3.2432 4.3484
-7.2973 10.0000 419.5803
-7.2973 -4.8649 -123.1230
-0.8108 9.4595 414.4675
-3.5135 8.1081 253.2500
-4.8649 -0.8108 -17.6181
-10.0000 8.3784 95.6911
-9.7297 -4.5946 -218.3904
-8.1081 8.3784 187.1915
-9.7297 7.2973 12.5069
-2.4324 -2.9730 -10.6114
-0.8108 -5.4054 -72.8591
1.0811 3.5135 17.3449
5.4054 -5.6757 -59.5584
-8.3784 6.2162 4.6359
1.6216 7.0270 165.6984
0.0000 5.4054 73.5633
-3.7838 -3.2432 -20.8647
4.8649 2.9730 28.3278
6.7568 -10.0000 -435.0625
-10.0000 -4.0541 -219.2609
-2.4324 -4.5946 -44.3480
2.1622 8.6486 314.6665
-3.5135 -9.7297 -455.9767
-2.7027 -3.2432 -15.0597
-3.7838 -8.1081 -265.4619
9.4595 -7.2973 -27.1656
-8.6486 2.1622 -117.8418
-2.9730 -7.2973 -189.2776
9.1892 3.7838 169.3025
2.9730 7.5676 211.4049
-1.6216 -7.5676 -208.3537
-4.5946 10.0000 475.1959
-4.8649 0.5405 -18.6240
3.7838 -1.6216 6.5402
4.0541 -6.2162 -104.6133
0.5405 -2.9730 -10.6744
5.4054 -1.6216 25.6715
-4.5946 0.5405 -15.2656
2.7027 7.2973 188.2410
5.4054 -7.2973 -160.8132
-7.8378 -6.2162 -202.3458
1.0811 -8.1081 -259.2395
4.3243 -4.0541 -17.4124
8.1081 6.7568 245.9785
3.2432 4.3243 39.6873
2.7027 9.1892 380.0296
-1.8919 5.9459 99.6989
-2.9730 -3.5135 -20.4556
-10.0000 0.8108 -190.5443
4.0541 -1.8919 7.7780
2.4324 -1.0811 0.8953
-8.1081 -1.0811 -98.0503
5.9459 -3.7838 12.7945
4.8649 4.5946 62.0644
8.9189 -3.5135 114.8027
-1.0811 9.7297 451.6439
-9.7297 -4.0541 -203.7492
-6.4865 5.6757 37.6438
2.4324 -3.2432 -13.3680
1.0811 2.7027 6.3400
8.9189 1.8919 134.4698
-5.4054 -5.1351 -88.7527
-8.6486 5.1351 -58.1630
-1.8919 1.3514 0.4201
5.9459 7.5676 245.2194
1.6216 7.5676 208.3537
-8.3784 -4.5946 -153.1514
-5.9459 -5.6757 -121.8374
-6.4865 -2.1622 -50.9885
-6.4865 5.1351 14.4740
8.9189 3.2432 146.7899
-2.9730 -0.5405 -1.8208
4.3243 2.9730 22.0139
-10.0000 8.1081 68.4112
4.5946 -2.9730 4.6386
-1.6216 -1.3514 0.8862
3.5135 -0.8108 5.7055
0.0000 -9.4595 -413.7633
-8.9189 -1.0811 -132.5266
2.1622 4.0541 29.1203
-10.0000 4.3243 -153.8924
-5.4054 7.5676 182.9404
7.0270 4.3243 98.4783
3.5135 3.2432 18.9752
5.4054 1.0811 25.7327
-1.6216 -4.3243 -35.3389
-4.3243 0.8108 -12.3928
-0.2703 7.5676 209.3888
9.4595 -9.1892 -218.9543
3.5135 -8.6486 -309.6458
-4.8649 4.8649 34.5409
-8.1081 9.1892 280.2843
8.9189 -0.2703 133.2363
1.8919 -3.5135 -18.7108
-6.7568 -7.0270 -221.4047
-6.4865 -7.0270 -214.5638
-2.4324 -2.1622 -3.3378
1.6216 1.0811 -1.2181
2.9730 -9.7297 -448.5332
1.6216 7.8378 232.1393
5.9459 -2.9730 25.9315
10.0000 4.5946 233.9020
-1.6216 8.6486 315.5758
8.1081 -7.5676 -110.6229
4.8649 0.2703 17.9020
5.1351 -2.1622 19.0553
-0.2703 -4.0541 -28.9945
-2.1622 0.5405 -0.3210
-6.4865 -5.4054 -121.6599
7.0270 1.3514 62.2532
9.4595 4.8649 212.5329
-6.2162 3.7838 -18.5219
1.3514 7.2973 186.1374
5.6757 -1.3514 31.0082
-3.2432 5.4054 69.9836
-1.0811 -8.1081 -257.5828
1.6216 -3.2432 -14.5827
3.5135 9.1892 383.9451
-7.8378 -5.4054 -162.0238
9.1892 3.2432 159.8140
6.2162 0.5405 41.3628
-7.2973 8.6486 244.3873
-9.4595 -3.2432 -173.6436
-1.6216 4.5946 44.6708
6.4865 -2.7027 40.9283
8.9189 -8.3784 -152.7151
7.5676 -8.1081 -179.3027
1.8919 -4.3243 -36.6452
-8.9189 5.6757 -47.2355
3.2432 0.8108 3.0354
1.8919 2.1622 2.3543
-7.8378 2.7027 -81.2921
-5.1351 -10.0000 -511.9472
9.4595 8.9189 505.6478
7.2973 2.9730 80.5852
10.0000 -1.8919 188.5061
-3.2432 8.6486 311.2274
9.1892 5.6757 231.7405
5.6757 5.6757 116.6312
2.4324 7.2973 187.4412
-4.3243 -8.6486 -326.6555
-7.5676 4.3243 -43.0008
1.3514 4.0541 28.4031
-4.0541 2.4324 -4.5083
0.8108 -3.5135 -18.8775
6.4865 8.9189 393.9149
0.2703 8.1081 258.1448
1.0811 -5.4054 -74.3916
3.7838 -9.4595 -406.7125
-0.8108 7.0270 167.1713
-0.8108 4.0541 29.9651
10.0000 9.4595 603.7633
-8.6486 0.8108 -121.2779
-7.2973 3.7838 -47.1172
9.7297 -6.2162 60.6031
10.0000 5.6757 275.7404
-7.0270 8.6486 252.4364
5.4054 0.5405 25.7205
-4.3243 -1.3514 -11.7310
3.7838 -2.7027 -0.1177
-6.7568 -8.6486 -369.7445
0.2703 2.4324 4.4973
-6.2162 -5.4054 -115.3876
-6.4865 -6.4865 -178.0680
-4.5946 8.9189 331.0142
-8.3784 8.1081 149.1617
3.2432 1.6216 4.0902
7.5676 -4.8649 26.4051
7.8378 3.5135 106.6338
6.4865 9.7297 498.9122
1.8919 10.0000 489.4624
3.7838 4.8649 59.7540
-3.7838 -7.2973 -194.0460
10.0000 0.5405 189.5384
1.0811 -8.6486 -315.6354
6.2162 -4.3243 5.7167
5.6757 -7.5676 -178.2317
-6.2162 6.4865 88.1470
7.2973 6.4865 200.3911
-2.4324 -7.8378 -233.3540
10.0000 -9.4595 -223.7633
-5.1351 0.8108 -22.4915
8.9189 -6.2162 19.0907
-9.1892 2.1622 -143.1082
-8.6486 -2.4324 -125.4972
-2.1622 4.0541 29.4014
0.8108 2.4324 4.0594
9.4595 2.1622 162.7215
-6.2162 2.4324 -37.0608
9.4595 2.9730 169.9951
-9.1892 -4.5946 -189.9021
-7.0270 -9.7297 -513.1862
5.1351 -1.0811 22.3965
-9.7297 6.7568 -27.0095
-5.4054 4.0541 3.0788
3.5135 -8.3784 -280.5299
6.2162 -2.1622 38.9325
0.2703 8.6486 314.5407
-9.7297 -0.2703 -174.2280
-1.8919 4.0541 29.7984
-3.5135 -7.8378 -238.0692
-3.7838 -6.2162 -120.9360
8.9189 4.3243 169.0836
-1.6216 -2.1622 -2.1231
-5.1351 -9.7297 -472.7627
-5.4054 -2.7027 -33.3504
-8.9189 -4.0541 -162.2368
-3.5135 -0.2703 -4.9008
3.5135 -4.5946 -38.7408
-9.7297 6.2162 -60.6031
5.6757 7.2973 217.8860
2.7027 4.8649 53.9490
7.0270 6.2162 176.2559
10.0000 -9.1892 -188.7839
8.3784 -5.1351 46.6788
-3.5135 0.2703 -5.4216
-9.4595 9.7297 290.9859
-5.1351 -7.8378 -254.8552
7.5676 -0.2703 79.3688
6.7568 0.8108 54.3932
-9.1892 5.1351 -83.4294
7.8378 -0.5405 88.9221
-1.3514 -3.2432 -12.9562
-4.5946 2.9730 -4.6386
0.5405 3.7838 22.7935
2.4324 1.0811 -0.0034
-1.8919 -2.4324 -4.2260
5.1351 2.1622 24.8390
1.6216 0.2703 -1.0292
-8.1081 7.8378 134.4084
7.0270 9.1892 441.1545
9.1892 -3.7838 122.6976
-9.1892 6.4865 -16.0287
-0.5405 2.9730 10.6744
-9.1892 0.5405 -146.4616
-1.6216 7.8378 233.6768
4.8649 2.1622 21.0542
-9.1892 -9.7297 -596.8156
4.5946 -2.1622 11.9122
-0.5405 0.8108 -0.0353
-8.3784 7.0270 57.2177
-5.1351 7.5676 187.1753
3.2432 -4.5946 -40.3224
-8.1081 3.5135 -80.3263
-1.6216 -7.0270 -165.6984
8.3784 3.7838 132.5519
-0.2703 -8.1081 -258.1448
6.7568 6.2162 168.8228
4.3243 4.8649 64.5518
10.0000 6.4865 319.9714
-8.1081 5.4054 -24.9363
7.2973 -8.9189 -275.3985
9.7297 6.7568 321.9673
-4.5946 9.4595 398.9592
1.8919 -4.5946 -44.4396
-7.2973 2.1622 -67.5279
-5.9459 4.3243 0.0107
-5.1351 9.7297 428.8684
1.6216 8.9189 345.0495
-8.1081 -3.2432 -112.3136
1.3514 1.6216 -0.3473
-9.4595 -8.1081 -418.2408
7.5676 -5.1351 16.5378
2.9730 9.7297 453.0979
-9.7297 -4.8649 -227.1917
-7.8378 -8.1081 -346.8717
7.2973 -5.6757 -15.3207
5.6757 0.0000 30.8908
-8.9189 2.9730 -122.8105
-0.2703 1.3514 0.1489
-2.4324 -0.8108 0.0983
-4.0541 -7.8378 -242.1799
4.0541 -9.4595 -404.4913
1.6216 -4.5946 -44.6708
-8.1081 -0.8108 -97.9553
-5.1351 -4.5946 -65.8492
5.4054 0.8108 25.6378
5.6757 8.9189 376.7090
-8.9189 5.1351 -70.4053
7.2973 3.2432 84.2337
7.5676 7.5676 288.2309
3.7838 4.5946 50.9528
7.2973 -4.5946 26.5177
-3.5135 0.5405 -5.6228
9.7297 -2.4324 169.7248
-7.8378 -3.5135 -106.6338
-0.5405 -4.3243 -35.5987
5.6757 7.0270 197.3579
-8.1081 -5.9459 -197.6609
-8.3784 -1.6216 -109.7599
-3.7838 7.5676 202.0717
-5.1351 -7.5676 -231.0696
4.8649 -5.9459 -80.9990
-3.7838 5.4054 66.5125
-4.8649 -8.9189 -363.9806
-7.5676 3.2432 -65.2945
0.8108 -3.2432 -14.5182
-7.0270 -0.5405 -61.9091
-0.2703 5.6757 86.0068
9.7297 3.7838 197.7909
-1.8919 -5.9459 -98.6238
-1.6216 -3.5135 -17.4045
-3.7838 2.9730 3.1147
-2.4324 8.1081 257.9652
5.1351 -1.6216 21.4366
4.5946 -1.3514 14.9215
-4.0541 -2.9730 -19.4373
-8.6486 1.0811 -121.1830
1.3514 6.4865 129.1136
-2.1622 3.5135 18.3138
-8.6486 3.5135 -102.5604
0.2703 -4.3243 -36.3740
9.7297 2.7027 181.6568
3.2432 5.4054 77.1429
-1.0811 9.1892 379.6123
-8.6486 -9.7297 -571.5492
-2.4324 -6.4865 -130.4173
-8.6486 -7.0270 -287.2008
7.8378 8.1081 346.8717
-0.5405 0.2703 0.2486
7.8378 -9.1892 -290.3234
3.7838 -6.2162 -106.8345
5.9459 -7.0270 -130.3702
-5.9459 -5.9459 -135.2583
9.7297 -1.3514 174.6058
6.7568 2.9730 65.1030
-8.3784 2.9730 -99.0840
-2.4324 5.6757 85.2945
-8.6486 2.4324 -115.9700
2.7027 5.9459 100.4071
-2.1622 6.4865 130.1119
9.1892 -8.9189 -199.8182
4.5946 -1.8919 13.3102
-9.1892 -2.7027 -153.1684
3.2432 8.9189 349.3979
4.8649 -9.7297 -432.6531
2.4324 2.4324 5.2096
7.2973 3.5135 88.5930
-5.9459 -8.3784 -321.7880
8.1081 7.2973 285.4948
-7.2973 3.2432 -56.6057
-5.9459 0.2703 -36.3574
-6.2162 6.2162 72.0609
-7.5676 2.4324 -74.3449
-2.1622 -9.1892 -378.6433
1.6216 -6.7568 -148.2477
8.3784 -9.1892 -269.5345
-9.7297 -9.4595 -588.2516
3.7838 -5.1351 -55.5199
-0.5405 3.5135 18.6822
4.8649 1.3514 18.0449
7.5676 0.8108 78.5642
-2.9730 -1.0811 -1.8331
-1.6216 1.3514 0.6513
-10.0000 0.5405 -190.4616
-7.8378 -10.0000 -578.4605
-0.8108 -6.2162 -113.1811
9.1892 -2.4324 141.2365
8.9189 2.9730 143.1414
8.6486 -8.6486 -194.0734
-1.6216 -4.8649 -51.9345
0.8108 -6.7568 -148.1831
8.1081 -7.0270 -67.9675
8.9189 1.3514 132.8585
0.8108 -1.0811 -0.2549
-0.8108 7.2973 187.6994
-2.7027 6.4865 128.7256
-7.0270 -5.1351 -124.9413
-4.5946 -6.4865 -144.7754
-4.5946 -6.7568 -162.2830
3.7838 2.1622 9.9426
-4.8649 4.5946 25.7396
-8.9189 9.1892 245.8079
-7.0270 9.4595 351.3926
-3.2432 -2.9730 -13.7451
-9.1892 -5.1351 -208.5707
4.8649 9.4595 431.9257
-5.1351 -5.4054 -95.5104
5.6757 -8.9189 -314.9274
9.1892 7.0270 312.4672
3.5135 9.7297 455.9767
8.6486 -7.0270 -45.7335
0.2703 -1.8919 -1.7602
-7.8378 4.3243 -52.3529
-1.0811 2.4324 5.5920
2.4324 -7.5676 -208.6765
-6.7568 3.2432 -41.1235
7.0270 -5.6757 -23.3698
-8.6486 -5.9459 -219.8950
2.7027 -8.3784 -284.4453
4.3243 8.3784 297.5395
4.8649 3.2432 31.9764
2.1622 -2.7027 -7.3089
-7.2973 -2.4324 -75.1833
1.6216 -4.3243 -36.8764
-9.1892 8.9189 199.8182
-8.3784 -1.0811 -108.8001
0.0000 -8.6486 -314.8070
3.5135 -2.1622 2.2694
-3.2432 4.5946 40.3224
-8.9189 2.1622 -130.0841
-7.0270 -5.4054 -135.9339
1.0811 -8.9189 -346.6466
8.6486 0.8108 120.1893
-6.7568 7.5676 154.1849
1.6216 -9.7297 -451.5843
-3.7838 -3.5135 -25.2240
1.0811 -2.9730 -10.9938
5.9459 2.4324 40.8606
0.8108 -0.2703 -0.4438
-2.4324 -4.0541 -29.7068
-0.5405 -2.7027 -6.6594
9.1892 8.6486 460.8071
0.8108 -1.6216 -1.2147
-5.4054 -10.0000 -516.1821
4.5946 -4.3243 -21.3036
2.1622 -6.7568 -147.6195
5.4054 -0.8108 26.7264
-5.6757 8.6486 283.9163
7.0270 -8.3784 -223.3204
-5.4054 -4.0541 -55.4429
8.9189 -1.8919 131.4820
5.1351 -7.5676 -187.1753
0.8108 3.7838 22.5983
-1.8919 8.9189 346.3558
-5.4054 0.0000 -26.1821
-8.1081 2.1622 -95.6078
-4.3243 3.7838 11.4540
-9.1892 -8.1081 -404.4112
-0.5405 8.6486 315.3160
7.0270 1.6216 62.8812
-5.4054 -1.8919 -27.6760
1.8919 -4.0541 -29.7984
4.0541 -7.0270 -157.1952
0.8108 -4.8649 -53.4075
0.0000 7.2973 186.9952
-7.0270 -3.2432 -76.1846
-0.8108 9.7297 451.5198
-6.7568 -4.0541 -84.1984
-5.6757 2.7027 -23.7224
2.4324 -8.6486 -314.3610
4.8649 7.5676 227.2849
1.8919 6.4865 129.4338
-3.2432 -1.3514 -3.4622
-2.1622 9.1892 378.9244
-5.9459 -9.4595 -449.8602
7.8378 3.2432 102.2745
8.3784 8.1081 367.6606
6.2162 -0.5405 42.2859
0.5405 1.8919 0.9849
4.8649 -4.0541 -11.0985
5.6757 -6.4865 -99.0806
-7.8378 -9.4595 -502.2238
-10.0000 -5.4054 -263.5633
-2.1622 5.1351 62.7112
3.7838 -3.2432 -6.7633
-5.1351 -8.3784 -307.6382
4.8649 -6.2162 -95.7229
-5.4054 -0.8108 -25.6378
-0.2703 -5.4054 -73.2969
9.4595 -4.3243 123.7220
-5.6757 -3.7838 -54.1932
2.7027 9.4595 415.0090
0.2703 3.7838 23.0361
9.1892 -4.8649 93.2967
6.4865 -7.5676 -161.0258
-2.7027 -10.0000 -491.2457
-9.4595 -4.0541 -189.0905
-3.5135 5.1351 57.4094
-2.7027 9.4595 412.5175
8.6486 9.4595 534.4969
-7.5676 -6.7568 -226.5874
9.7297 -0.2703 174.7488
-2.9730 -8.6486 -317.0894
-8.6486 -6.2162 -234.6189
-10.0000 8.6486 124.8070
-1.0811 6.7568 148.3073
-10.0000 -2.4324 -194.7636
-9.4595 6.4865 -29.8583
8.9189 3.5135 151.1492
6.4865 -3.2432 34.2827
10.0000 -8.6486 -124.8070
0.0000 6.4865 129.9714
-4.3243 -7.8378 -244.7565
-9.4595 -0.8108 -159.2853
7.8378 9.1892 467.2444
4.5946 0.8108 14.2598
5.6757 -1.0811 31.3401
5.4054 -7.5676 -182.9404
-8.1081 4.0541 -69.2387
10.0000 3.7838 213.3025
4.3243 8.9189 357.6667
-1.6216 8.9189 346.5870
4.8649 -0.2703 18.4228
7.5676 -9.1892 -299.6754
8.9189 -10.0000 -357.0241
9.7297 7.5676 383.6108
1.0811 2.1622 2.0635
7.8378 -4.3243 52.3529
1.0811 2.4324 3.9352
7.2973 8.1081 328.8309
0.0000 1.6216 0.5105
-10.0000 -3.7838 -213.3025
-7.0270 -0.8108 -61.8263
-5.9459 -8.1081 -294.5081
-1.8919 -7.8378 -232.3704
3.5135 7.8378 238.0692
-1.8919 10.0000 490.5376
0.8108 -2.4324 -5.4678
5.1351 5.4054 95.5104
7.8378 1.3514 88.3430
9.7297 10.0000 664.4884
-9.4595 -7.8378 -392.7376
-7.2973 -0.2703 -70.1593
-9.7297 8.9189 171.3298
-1.8919 -8.9189 -345.2806
-9.1892 4.0541 -116.7392
4.8649 7.2973 205.1576
-3.7838 8.3784 278.6404
2.9730 -7.2973 -184.7129
7.2973 1.0811 69.9704
3.7838 -0.2703 7.3111
2.7027 1.8919 2.7396
2.1622 -8.3784 -285.8316
-0.2703 -4.8649 -52.4370
1.3514 -6.7568 -148.3367
2.4324 -4.0541 -28.8149
-1.8919 -8.6486 -314.2694
-3.2432 3.5135 14.5936
-3.2432 -5.9459 -102.7410
5.9459 -6.7568 -111.3820
2.4324 0.0000 0.4460
1.3514 8.1081 257.5534
1.6216 -2.7027 -7.9371
2.7027 -4.0541 -28.0151
5.4054 -8.9189 -319.6362
0.2703 6.2162 113.6189
-2.9730 7.2973 184.7129
-4.5946 -8.3784 -300.4951
1.6216 9.4595 412.9945
2.7027 3.5135 19.4190
-7.8378 -4.3243 -124.5681
5.4054 3.2432 39.9961
-9.1892 -3.7838 -169.3025
0.8108 -6.2162 -114.5895
-6.2162 -1.8919 -43.3183
-8.3784 -3.7838 -132.5519
10.0000 -5.4054 116.4367
7.5676 4.3243 115.2161
-3.7838 0.0000 -7.0507
-2.7027 -1.0811 -0.7964
-1.6216 -9.4595 -412.9945
-8.3784 8.6486 205.5576
-2.7027 -3.5135 -19.4190
1.6216 9.1892 378.0151
-3.5135 9.4595 408.6021
-8.3784 -0.8108 -108.7051
5.9459 4.3243 72.2046
5.9459 2.7027 43.2654
8.1081 4.0541 127.7604
1.0811 0.5405 -1.2900
8.1081 1.3514 98.3821
8.9189 5.6757 218.7164
-3.7838 -9.7297 -457.8663
-3.2432 4.0541 25.6812
7.5676 -1.6216 78.5979
2.9730 -9.1892 -376.5015
-1.3514 -1.0811 1.3071
-8.3784 -2.1622 -112.1412
9.4595 -0.8108 160.3739
-7.5676 8.6486 235.6986
4.3243 3.2432 25.6624
1.3514 -9.7297 -451.6733
1.8919 7.5676 208.5849
-5.4054 -9.7297 -476.9976
8.6486 0.0000 120.7336
-10.0000 -7.0270 -356.4671
2.9730 1.8919 3.7763
-8.1081 8.6486 216.3074
-6.7568 -2.1622 -57.8293
-3.2432 7.0270 162.8875
-0.8108 6.7568 148.1831
-7.2973 -4.0541 -99.6806
2.1622 1.0811 -0.5899
-6.7568 -6.4865 -184.9089
5.4054 -9.7297 -424.6335
5.4054 -5.1351 -36.3886
6.4865 -5.6757 -37.6438
-1.3514 1.3514 0.7403
-3.5135 3.2432 8.6528
0.5405 -8.9189 -346.3272
0.2703 9.4595 413.4969
6.2162 4.0541 71.0852
2.4324 -5.4054 -73.1173
-10.0000 -4.5946 -233.9020
3.2432 7.8378 236.4877
2.1622 -8.6486 -314.9476
-8.9189 -8.3784 -418.6670
-2.4324 -5.4054 -74.0092
3.7838 5.4054 80.6140
4.0541 -2.7027 2.1035
0.2703 -3.5135 -18.4396
0.0000 7.5676 209.1225
-7.8378 -6.7568 -235.9394
-4.5946 -1.0811 -14.3547
-2.4324 -4.8649 -53.1493
6.4865 -4.0541 18.8358
1.3514 -3.7838 -24.1603
-3.2432 7.2973 183.4156
-8.1081 -1.6216 -99.0101
-6.2162 -0.8108 -41.2801
3.7838 -0.5405 7.5123
6.2162 2.1622 44.7162
-0.2703 7.0270 166.7335
-9.4595 -9.1892 -538.6135
8.1081 5.1351 161.0702
-1.6216 -5.6757 -84.9717
-6.2162 -9.1892 -420.6083
-9.1892 1.8919 -144.5061
-5.9459 5.1351 26.4737
-2.4324 2.9730 9.7195
0.2703 6.7568 147.2126
-10.0000 -0.5405 -189.5384
-9.4595 2.7027 -152.6612
-1.8919 4.8649 53.2409
-3.2432 1.8919 -2.0858
-8.1081 3.7838 -75.1971
2.7027 -0.2703 1.5061
5.6757 -3.5135 12.7175
5.6757 4.5946 74.7928
8.9189 2.4324 137.7395
8.6486 -7.5676 -88.3888
7.0270 8.1081 320.7818
-0.5405 -1.0811 0.9583
10.0000 4.8649 242.7033
5.4054 9.1892 404.9659
1.8919 4.3243 35.5701
-3.5135 -8.9189 -350.9794
8.1081 0.5405 98.0380
-7.5676 7.2973 107.8868
-10.0000 -1.6216 -190.5105
-3.7838 -2.9730 -17.2162
1.6216 4.0541 28.4921
8.1081 3.2432 112.3136
-3.7838 -8.3784 -292.7418
6.7568 -8.6486 -259.8695
-8.6486 5.6757 -34.9932
6.7568 9.7297 505.7531
5.4054 -1.8919 24.6882
-4.3243 7.0270 154.6187
3.7838 -4.3243 -29.0569
-9.7297 -6.7568 -321.9673
-4.3243 4.0541 17.4124
-4.8649 -1.0811 -17.7131
-3.7838 -5.1351 -69.6213
-6.7568 -4.3243 -91.0452
-9.4595 2.4324 -155.0660
3.5135 -3.2432 -8.6528
-5.1351 1.8919 -20.4533
6.7568 8.1081 313.3487
1.3514 -6.4865 -130.8292
8.1081 -9.1892 -280.2843
0.8108 4.0541 28.5567
-2.1622 8.1081 258.5517
5.1351 -2.9730 11.7817
-8.3784 3.5135 -91.0761
-5.4054 6.7568 121.2969
9.1892 0.5405 145.5385
4.8649 5.6757 103.9028
2.9730 4.5946 46.1844
2.4324 4.8649 53.1493
5.1351 -5.9459 -77.2142
7.2973 10.0000 560.4197
8.3784 -4.5946 65.3474
2.1622 -5.9459 -99.3019
-1.3514 3.2432 14.6718
2.9730 1.0811 1.8331
-9.1892 3.5135 -127.8268
0.0000 1.3514 -0.1175
-0.5405 -3.5135 -17.6643
3.2432 -2.1622 0.6878
-5.1351 5.9459 77.2142
-0.5405 -5.9459 -98.6524
3.5135 6.7568 152.6401
-6.2162 -9.7297 -492.6399
-2.9730 9.4595 411.4809
-6.7568 -2.9730 -65.1030
0.2703 -6.4865 -130.2377
-1.3514 8.9189 346.6760
5.1351 6.7568 169.4261
10.0000 -6.4865 60.0286
-4.3243 0.5405 -12.3100
7.8378 -7.8378 -144.4475
5.6757 -8.1081 -227.5204
10.0000 -2.4324 185.2364
-3.5135 -9.4595 -418.9244
10.0000 -10.0000 -300.0000
1.8919 8.1081 257.8736
-1.6216 10.0000 490.7688
-4.8649 5.9459 80.9990
-4.3243 -2.4324 -16.6120
-9.1892 -5.4054 -219.5633
3.5135 2.1622 8.0530
-2.9730 -8.1081 -260.6935
-9.7297 7.5676 34.6341
-2.9730 -5.9459 -101.4437
3.7838 -3.7838 -16.2518
2.9730 -8.6486 -312.5246
-5.1351 2.7027 -14.7788
8.9189 1.6216 133.4865
-1.3514 -5.9459 -98.3036
-1.6216 -6.7568 -146.7102
2.4324 0.8108 -0.0983
2.4324 -1.3514 0.5634
0.5405 5.1351 62.0617
3.7838 -2.4324 2.2871
-9.1892 3.7838 -122.6976
3.7838 -6.4865 -122.9207
2.7027 4.0541 30.5066
-8.1081 -3.5135 -116.6729
4.0541 9.1892 388.0558
6.2162 -1.0811 42.2737
1.3514 -2.7027 -8.0262
-8.3784 -2.7027 -116.4178
4.0541 3.5135 27.4452
-6.7568 -7.8378 -287.8455
-7.2973 9.4595 343.3435
2.9730 3.5135 20.4556
9.7297 4.3243 210.5960
-9.7297 1.6216 -173.9778
-0.2703 -1.6216 -0.2442
7.2973 2.4324 75.1833
7.2973 6.7568 217.8986
-8.9189 7.8378 99.9321
6.2162 -7.5676 -167.2981
-0.2703 -1.8919 -1.2276
3.7838 2.9730 17.2162
5.9459 2.1622 38.9888
-9.4595 -2.1622 -162.7215
9.7297 -6.4865 44.5170
-0.2703 10.0000 490.2663
-6.2162 -4.8649 -94.5277
4.5946 -8.1081 -243.6071
-0.5405 -6.4865 -129.4624
-5.1351 -4.3243 -58.0548
4.3243 -0.8108 12.3928
7.0270 7.0270 228.8378
6.7568 7.8378 287.8455
-6.2162 7.0270 124.6428
-6.7568 -5.6757 -140.6779
3.7838 -0.8108 7.5950
-8.3784 -6.4865 -239.2208
5.1351 7.2973 208.9424
9.1892 -10.0000 -344.0000
-0.5405 5.6757 86.2494
-7.2973 6.2162 43.4655
-1.8919 9.7297 451.3531
0.5405 2.9730 9.6565
2.1622 -5.1351 -62.7112
3.5135 0.2703 4.9008
6.7568 -0.8108 55.4818
-7.0270 5.6757 23.3698
5.9459 -9.7297 -414.7186
5.9459 3.7838 59.3994
-1.8919 8.6486 315.3446
1.0811 -7.5676 -209.9508
-1.3514 3.7838 24.1603
1.0811 8.1081 257.5828
1.0811 -3.7838 -24.1309
-7.0270 4.0541 -33.1098
-6.4865 8.3784 237.5944
4.5946 7.2973 201.7993
0.0000 -6.2162 -113.8853
-6.2162 -4.5946 -85.7264
-1.3514 6.2162 114.7431
-6.7568 7.0270 111.5296
-6.2162 9.4595 371.9389
2.7027 7.8378 234.1538
-7.8378 1.6216 -87.9500
-1.8919 -4.0541 -28.7233
-0.8108 6.2162 114.5895
-3.2432 -3.7838 -26.8821
-6.2162 -8.3784 -327.5154
-4.5946 4.5946 29.0980
3.7838 -1.8919 5.5568
1.3514 3.2432 12.9562
3.5135 -5.6757 -80.5792
7.0270 -7.8378 -170.5374
-5.4054 -6.7568 -173.6610
-4.5946 -5.6757 -100.5445
-0.2703 -3.7838 -23.0361
-4.5946 5.4054 58.7592
9.4595 7.8378 392.7376
8.3784 -2.4324 104.4858
4.0541 -6.7568 -138.2070
-7.5676 -8.6486 -393.9155
-3.2432 10.0000 486.4204
4.8649 6.7568 165.6413
1.3514 -9.1892 -379.6417
5.1351 -4.8649 -30.7561
2.4324 3.5135 18.6192
4.3243 -7.0270 -154.6187
-5.1351 2.1622 -19.0553
8.3784 7.0270 275.7165
6.7568 -7.2973 -132.0577
8.3784 1.8919 110.7433
4.3243 4.0541 41.1093
9.7297 -9.1892 -204.2955
-9.1892 10.0000 344.0000
0.0000 0.0000 0.0000
6.2162 -9.4595 -371.9389
9.1892 1.0811 145.5507
-0.2703 8.6486 315.0733
6.7568 5.6757 140.6779
3.5135 -7.0270 -161.3059
2.1622 6.7568 147.3384
4.3243 6.4865 141.8198
7.5676 8.6486 393.9155
4.3243 7.2973 198.8437
8.6486 -1.8919 119.2397
2.9730 4.0541 31.5432
-4.5946 -2.1622 -17.6959
1.3514 -5.4054 -74.4211
9.4595 -6.7568 12.3507
-1.6216 5.1351 63.3394
-9.4595 9.4595 253.9336
0.2703 5.9459 98.8950
-7.8378 3.7838 -65.1580
3.2432 -1.3514 3.6971
0.0000 7.0270 166.4671
-3.5135 2.1622 -2.2694
-3.5135 -0.8108 -4.6169
-0.2703 -3.2432 -13.5477
-9.1892 7.8378 86.9080
9.1892 0.0000 146.0000
-3.5135 1.8919 -3.6673
-3.5135 0.0000 -5.1612
-2.4324 -3.7838 -23.7484
10.0000 2.4324 194.7636
8.1081 5.4054 172.0629
-8.3784 -9.4595 -523.0127
-0.2703 -5.1351 -62.3043
-5.6757 9.1892 347.8931
-2.1622 -0.2703 0.4010
4.3243 -8.9189 -333.9698
-7.0270 7.8378 170.5374
-2.1622 1.0811 -0.3088
8.1081 -5.9459 -0.6618
-7.0270 -7.5676 -271.4931
2.1622 -8.1081 -258.5517
-5.4054 -9.4595 -439.9453
-2.7027 10.0000 488.7543
5.6757 -4.5946 -13.0113
3.7838 -2.9730 -3.1147
-6.7568 -2.7027 -62.1059
-4.0541 -0.5405 -8.8103
7.8378 -7.0270 -78.0066
10.0000 5.4054 263.5633
-1.8919 2.4324 5.3012
-5.6757 6.4865 99.0806
2.7027 -5.1351 -61.3249
-5.4054 -5.9459 -125.3434
2.7027 -1.3514 1.3632
0.2703 5.4054 73.2969
-1.3514 4.5946 44.7598
-4.3243 1.6216 -11.3379
-0.2703 4.0541 29.5272
-5.6757 -8.9189 -376.7090
-0.5405 -5.1351 -62.0617
4.5946 4.8649 67.5074
-2.4324 7.0270 166.0212
2.7027 -9.7297 -449.5698
7.0270 -8.9189 -283.4476
-6.4865 -1.6216 -48.6072
8.6486 -0.5405 121.1952
3.2432 6.4865 133.5510
-10.0000 7.0270 -23.5329
3.2432 -4.0541 -25.6812
5.4054 3.7838 49.4845
-5.4054 -8.1081 -284.5932
3.7838 -8.3784 -278.6404
-4.0541 -5.9459 -108.4333
-8.1081 -10.0000 -588.4996
-2.4324 6.4865 129.5254
-3.2432 -7.5676 -212.7021
-6.7568 5.6757 30.8029
9.7297 1.6216 174.9989
10.0000 -0.8108 190.5443
4.0541 8.1081 267.6831
1.8919 -1.0811 -0.0882
8.1081 4.5946 142.4016
0.2703 -4.0541 -29.5272
-0.8108 -10.0000 -489.2958
-8.1081 -4.8649 -151.2029
-8.9189 9.7297 317.8396
-4.8649 7.8378 214.7456
-2.7027 -8.1081 -259.6569
-5.6757 -3.2432 -44.7048
-0.2703 7.2973 187.2616
6.2162 -6.2162 -72.0609
-4.8649 -3.5135 -36.3357
7.8378 -2.4324 83.6969
2.1622 7.0270 166.3266
-2.9730 -1.3514 -2.1649
2.7027 -8.9189 -344.5725
3.5135 0.5405 4.6996
2.1622 1.6216 0.3700
-5.9459 4.5946 7.8051
5.4054 6.2162 140.0673
-10.0000 -1.0811 -189.5507
-10.0000 -3.5135 -208.1733
-1.3514 9.7297 451.6733
-6.2162 -3.5135 -59.9976
-0.8108 7.8378 233.6122
9.1892 -2.7027 138.8317
-4.5946 -0.5405 -14.3425
2.1622 -7.0270 -166.6077
6.2162 2.7027 48.9928
7.0270 -0.5405 62.8322
10.0000 4.0541 219.2609
5.6757 4.0541 60.1516
-1.0811 -7.0270 -165.6388
6.2162 3.5135 59.9976
-0.8108 3.7838 24.0067
2.9730 -6.4865 -127.6890
1.8919 -1.6216 -1.0481
7.0270 -5.4054 -11.1926
9.7297 3.2432 188.3024
-7.2973 8.9189 275.3985
-7.2973 -5.6757 -156.1601
2.9730 9.4595 416.0456
7.2973 -4.3243 34.3121
5.4054 2.7027 33.3504
7.0270 -3.7838 39.0682
5.1351 -4.3243 -14.1605
-3.5135 9.1892 373.6227
-6.7568 -6.7568 -202.4164
4.3243 -9.4595 -401.9148
9.4595 3.2432 173.6436
7.2973 -7.2973 -116.5755
3.2432 0.2703 3.3193
-7.2973 0.5405 -70.8813
-9.1892 -1.6216 -146.5106
-8.3784 0.8108 -109.7937
-6.7568 5.9459 44.2238
9.7297 1.8919 175.9823
8.3784 -8.6486 -205.5576
8.1081 -5.6757 12.7592
-3.7838 -7.8378 -239.9587
7.5676 -2.9730 68.9430
-2.9730 9.1892 376.5015
0.0000 4.8649 52.7033
6.2162 9.7297 492.6399
-4.3243 1.8919 -10.3546
-2.7027 -7.0270 -167.7129
1.6216 8.3784 284.9223
-4.0541 2.1622 -6.3801
-0.2703 -3.5135 -17.9069
-2.1622 2.4324 4.9042
1.6216 -4.0541 -30.0296
-4.5946 0.8108 -15.3484
-8.9189 -4.3243 -169.0836
1.6216 2.7027 6.3996
10.0000 6.2162 303.8853
10.0000 -3.2432 176.1860
-7.5676 4.8649 -26.4051
5.4054 -0.2703 26.4425
6.4865 -9.1892 -330.6872
3.7838 5.6757 92.7911
2.1622 3.2432 13.6734
-4.3243 2.9730 -1.6830
-4.0541 0.5405 -9.7335
-9.1892 4.3243 -109.8924
1.0811 -9.4595 -414.5916
-9.7297 3.2432 -160.6744
8.3784 -1.8919 107.7555
-1.8919 -7.2973 -186.4577
-1.6216 7.2973 187.7640
8.1081 -0.2703 98.7600
-8.3784 -0.2703 -108.9890
-2.9730 -1.8919 -3.7763
8.1081 -2.1622 95.6078
4.0541 -5.1351 -53.2987
-2.4324 -0.2703 -0.1856
-0.8108 -5.9459 -98.4571
4.8649 -2.9730 7.9970
6.7568 -1.8919 53.4436
-10.0000 1.3514 -190.1175
-6.7568 -9.1892 -433.7214
-2.9730 3.7838 21.0201
-5.6757 3.7838 -7.5883
-6.4865 3.7838 -24.7942
7.8378 -0.8108 89.0048
6.7568 0.2703 54.6771
-3.7838 10.0000 482.9493
-6.7568 -5.9459 -154.0989
0.8108 7.0270 165.7629
-2.7027 -1.3514 -1.1283
2.4324 -6.7568 -147.0329
3.7838 4.3243 43.1584
1.6216 -8.6486 -315.5758
3.7838 3.2432 20.8647
3.5135 5.4054 78.7245
-7.0270 -8.3784 -348.0617
0.0000 -9.1892 -378.7839
-6.4865 -1.8919 -49.5905
-2.9730 -5.1351 -64.8530
8.6486 -5.1351 58.1630
-9.7297 5.6757 -88.7480
-3.5135 -7.5676 -214.2837
8.9189 8.3784 418.6670
-4.8649 -2.1622 -21.0542
-1.3514 -7.0270 -165.6093
-4.5946 -4.8649 -67.5074
8.6486 -8.1081 -137.6775
-6.4865 1.3514 -48.2141
1.6216 4.5946 43.1333
4.3243 -4.8649 -40.8548
2.4324 5.6757 86.1864
7.0270 -2.4324 57.6071
10.0000 -1.6216 189.4895
-1.3514 -10.0000 -489.1422
6.2162 -8.9189 -303.9938
-8.6486 -10.0000 -610.7336
9.7297 2.1622 177.3802
-4.5946 8.1081 243.6071
0.2703 -8.1081 -258.6775
5.6757 0.2703 30.6304
-8.6486 8.9189 225.0846
-6.7568 -0.2703 -54.6771
1.0811 -7.2973 -187.8236
7.0270 -4.0541 33.1098
3.7838 -7.0270 -159.4164
8.1081 -2.9730 88.3342
1.6216 2.9730 9.3967
-6.4865 9.1892 330.6872
8.3784 -1.3514 109.3669
-5.1351 -0.8108 -21.4029
4.0541 3.2432 23.0859
3.7838 8.3784 292.7418
8.1081 7.8378 331.4076
2.7027 3.7838 24.5482
-6.2162 -7.2973 -228.8196
1.0811 3.7838 22.4741
-9.1892 -2.1622 -148.8919
0.5405 -9.4595 -414.2722
-6.4865 2.4324 -43.3331
8.6486 -4.0541 91.4728
-4.5946 -1.8919 -16.2979
-2.1622 -7.8378 -232.7675
-0.5405 -4.0541 -28.7519
-3.2432 -7.2973 -190.5749
1.0811 -6.4865 -130.7998
4.8649 6.2162 132.0477
-9.7297 8.3784 111.2027
5.6757 1.8919 32.3847
2.9730 2.1622 5.1742
-7.0270 -8.6486 -377.1777
-5.6757 -4.8649 -83.5941
4.3243 -3.5135 -6.3248
-9.1892 6.2162 -32.1148
9.7297 0.8108 173.9441
-7.0270 2.1622 -59.4788
2.4324 -3.7838 -22.8565
0.5405 9.4595 413.2543
-6.2162 9.1892 336.9595
2.7027 0.5405 0.7842
-2.9730 -8.3784 -287.9735
7.2973 -1.0811 70.8691
10.0000 7.5676 399.1225
1.3514 8.3784 284.8333
6.2162 4.3243 77.9320
7.5676 5.1351 141.6791
-2.7027 4.8649 51.4576
7.8378 6.4865 218.4319
-1.6216 -5.9459 -98.3926
-9.7297 2.9730 -164.3229
-1.8919 -0.5405 0.9992
-2.7027 4.3243 34.8619
6.7568 -7.0270 -111.5296
1.3514 -5.6757 -86.5982
-2.1622 -6.2162 -113.7447
4.5946 4.0541 44.0649
2.7027 -1.8919 -0.2482
-2.9730 -3.7838 -25.5849
-2.9730 1.6216 -1.7719
-5.9459 1.3514 -36.2144
1.0811 0.0000 -0.8284
7.0270 -2.7027 55.2023
1.6216 3.5135 17.4045
2.9730 5.1351 64.8530
-6.2162 2.7027 -34.6560
-2.1622 4.3243 36.2482
4.0541 2.4324 14.0355
-7.8378 -4.8649 -141.1638
-8.1081 0.5405 -98.9612
8.3784 2.7027 116.4178
-7.2973 -4.5946 -114.3218
-8.1081 0.8108 -99.0439
-4.0541 -7.0270 -175.7390
-1.6216 -6.4865 -129.2026
-3.2432 -6.7568 -151.0586
8.1081 8.3784 384.1907
-6.2162 -10.0000 -531.8244
-8.6486 0.2703 -120.9940
9.1892 2.7027 153.1684
-0.8108 -1.3514 0.8217
-0.2703 6.4865 130.2377
5.1351 -3.2432 8.1332
-8.6486 -2.1622 -123.6255
-1.3514 8.3784 286.5489
-5.6757 -1.3514 -30.7733
7.0270 -4.8649 9.6673
-5.1351 0.2703 -22.2076
8.1081 -4.8649 45.7963
-1.0811 -6.2162 -113.0569
-4.3243 0.2703 -12.1089
-6.2162 1.6216 -41.3138
6.7568 -5.9459 -44.2238
-4.5946 -4.3243 -50.9117
-6.2162 7.8378 191.0836
-9.4595 -4.8649 -212.5329
8.1081 8.1081 356.9107
-1.8919 6.4865 130.5090
-0.2703 0.8108 -0.2780
3.5135 5.1351 67.7318
4.0541 5.4054 82.8352
9.7297 7.8378 407.3964
1.6216 -1.8919 -2.2626
-8.9189 2.7027 -125.8076
9.1892 6.2162 259.8853
3.2432 -3.7838 -19.7228
2.1622 -0.2703 0.1198
-10.0000 5.9459 -90.8386
7.8378 -4.8649 35.7572
7.0270 -1.0811 62.8200
-1.8919 -1.3514 0.6550
4.0541 4.5946 53.1739
0.2703 -7.5676 -209.3888
-10.0000 -0.8108 -189.4557
5.9459 -5.6757 -49.6435
-7.0270 7.0270 104.0965
8.9189 -5.6757 47.2355
5.1351 -1.8919 20.4533
5.6757 2.7027 38.0591
8.3784 -8.3784 -176.4417
3.5135 -7.2973 -181.8340
0.8108 4.3243 35.4034
-1.6216 -2.9730 -9.3967
5.1351 10.0000 511.9472
-8.1081 1.6216 -97.9891
-9.1892 -3.5135 -164.1733
-5.9459 -4.8649 -88.8003
9.1892 -7.5676 -63.1224
6.4865 7.8378 281.0047
-5.4054 -7.8378 -259.0901
-4.8649 1.3514 -18.2799
7.8378 -6.4865 -41.5109
-5.6757 -1.0811 -30.4414
-9.1892 -7.0270 -312.4672
10.0000 3.2432 203.8140
8.1081 4.3243 134.6072
-9.1892 4.5946 -102.0980
4.0541 -1.3514 9.3894
-2.4324 2.4324 4.3176
8.6486 -7.2973 -66.2616
9.4595 -4.8649 107.1263
5.1351 -8.1081 -236.4640
-7.5676 -2.4324 -83.8720
7.8378 4.3243 124.5681
6.2162 -2.7027 34.6560
-6.4865 8.9189 297.7216
-6.4865 -7.2973 -235.0919
2.4324 -9.1892 -378.3379
8.3784 7.5676 318.3719
1.6216 -3.7838 -24.0712
8.3784 -3.5135 91.0761
9.4595 10.0000 649.8296
9.1892 3.5135 164.1733
-6.7568 2.9730 -44.7721
-1.0811 -1.6216 0.3178
6.4865 7.2973 235.0919
1.0811 -9.1892 -379.6123
-0.2703 -7.2973 -186.7289
-9.7297 -4.3243 -210.5960
-1.0811 -7.5676 -208.2941
-2.9730 -0.8108 -1.7381
-3.7838 -5.9459 -106.2121
3.2432 -1.8919 2.0858
2.1622 5.6757 85.5999
-7.2973 8.1081 187.9914
-8.6486 6.4865 9.2378
1.3514 -2.9730 -11.0232
3.5135 -8.1081 -253.2500
0.5405 -9.7297 -451.3245
8.6486 6.4865 250.7050
-5.6757 -4.3243 -66.9984
3.2432 -2.4324 -1.1839
-5.1351 4.0541 7.3137
-1.6216 0.5405 0.3072
-2.4324 2.7027 6.7224
0.2703 -9.7297 -451.0819
-9.1892 -1.8919 -147.4939
1.8919 2.7027 6.6308
-6.2162 -5.9459 -140.9857
-2.7027 -7.2973 -188.2410
-8.9189 7.2973 54.0193
4.5946 2.4324 19.5676
1.8919 6.2162 113.3477
8.6486 2.4324 125.4972
-5.1351 -6.7568 -169.4261
-9.4595 -3.5135 -178.0029
-7.0270 9.1892 316.4132
2.9730 -2.7027 -4.8860
-2.4324 -8.1081 -258.8571
-0.8108 -0.2703 0.9646
-4.0541 8.1081 249.1392
9.4595 0.0000 159.8296
3.7838 0.2703 6.7903
-1.8919 -6.2162 -113.3477
-4.3243 -0.5405 -11.3869
-7.5676 9.1892 299.6754
0.2703 -1.6216 -0.7769
3.5135 -2.4324 0.3976
5.9459 5.4054 109.6602
7.8378 4.0541 117.7214
6.7568 4.8649 107.6408
-7.8378 -6.4865 -218.4319
-2.9730 1.3514 -2.3999
-2.9730 7.8378 230.6256
-9.7297 -3.7838 -197.7909
5.9459 -4.8649 -16.6063
1.6216 -9.1892 -379.5526
-4.0541 -1.0811 -8.8226
4.0541 -3.7838 -14.0306
-8.9189 -7.8378 -365.8840
-6.2162 -5.1351 -104.3950
-4.3243 5.4054 61.7148
-5.1351 5.4054 51.6161
2.7027 -1.0811 1.6951
-7.2973 4.0541 -41.1589
-7.8378 6.2162 25.4248
8.9189 10.0000 622.9759
7.5676 -7.5676 -130.0140
4.8649 -7.2973 -168.8328
8.9189 -5.4054 59.4127
0.0000 1.8919 1.4939
-1.0811 1.3514 0.7109
7.5676 8.1081 337.5196
3.2432 -0.5405 4.0412
7.8378 6.7568 235.9394
-4.3243 -5.1351 -74.4191
5.1351 -8.9189 -323.8710
-5.6757 1.3514 -31.0082
4.3243 -7.5676 -197.2740
-5.4054 7.0270 140.2851
7.8378 5.4054 162.0238
10.0000 -5.6757 104.2596
-2.1622 -7.0270 -166.3266
4.0541 1.6216 9.7824
1.3514 0.0000 -0.8578
-6.7568 2.4324 -50.1739
8.6486 2.9730 130.8991
6.2162 -1.8919 40.3305
-6.2162 6.7568 105.6546
-1.3514 -8.3784 -284.8333
0.0000 7.8378 232.9080
-4.3243 -4.5946 -55.7505
2.4324 5.4054 74.0092
1.6216 6.7568 146.7102
0.2703 -2.9730 -10.4318
-5.6757 4.5946 13.0113
0.5405 7.8378 232.3991
-1.6216 -0.2703 1.0292
5.1351 -5.4054 -51.6161
5.4054 8.6486 340.9891
-2.1622 -8.1081 -258.2706
-10.0000 -8.6486 -504.8070
6.4865 3.5135 66.2699
-9.1892 4.8649 -93.2967
5.1351 5.6757 107.6876
-2.9730 0.0000 -2.2824
5.4054 1.3514 26.0646
3.2432 -7.0270 -162.8875
5.1351 0.2703 21.6868
1.0811 5.1351 61.7422
3.7838 6.7568 154.5296
-8.3784 -5.4054 -182.8127
-0.5405 3.2432 14.3229
-1.6216 1.8919 2.2626
-8.1081 -4.3243 -134.6072
-3.5135 8.9189 340.6570
-7.8378 1.0811 -88.9098
0.8108 7.2973 186.2910
0.2703 -1.3514 -0.1489
0.2703 -5.9459 -99.4277
-4.8649 5.1351 44.4082
7.2973 -9.1892 -308.3642
-7.0270 2.4324 -57.6071
-8.6486 7.5676 88.3888
-7.8378 0.5405 -88.9221
-2.9730 0.5405 -2.7440
6.4865 6.4865 178.0680
-4.3243 8.3784 273.8426
2.4324 -9.7297 -450.3696
0.5405 -6.7568 -147.9879
-7.0270 -2.4324 -67.1342
-5.6757 9.7297 419.9248
6.7568 -5.6757 -30.8029
0.5405 8.9189 345.3093
-1.3514 1.8919 2.3517
7.0270 7.5676 271.4931
-2.7027 2.7027 5.9227
2.7027 5.4054 74.8090
7.2973 -6.7568 -77.0592
-6.2162 -2.1622 -44.7162
-7.8378 7.5676 120.6620
5.1351 5.1351 84.5178
-3.5135 -8.1081 -263.5723
-5.1351 -1.6216 -22.4577
-8.6486 -4.5946 -164.6357
10.0000 5.1351 252.5706
-5.4054 3.2432 -12.3681
0.8108 8.1081 257.7069
-10.0000 5.6757 -104.2596
-5.4054 -3.5135 -44.3553
-5.4054 -8.9189 -372.0003
-9.4595 -9.4595 -573.5929
-5.1351 8.1081 236.4640
4.3243 -2.4324 7.0849
-7.5676 -8.1081 -337.5196
7.0270 -9.1892 -316.4132
8.1081 1.8919 99.9935
-2.9730 -3.2432 -16.0964
-8.1081 5.1351 -35.9290
-7.0270 4.5946 -18.4686
2.9730 -3.2432 -11.5316
-6.4865 -1.3514 -47.9792
-3.7838 -5.6757 -92.7911
-1.0811 -5.6757 -84.9120
3.7838 2.7027 14.2191
-5.9459 5.9459 63.0644
-7.5676 -2.1622 -82.0003
1.3514 1.3514 -0.9753
-7.2973 1.0811 -70.8691
-8.3784 1.3514 -109.3669
1.6216 -1.6216 -1.2793
9.7297 -1.6216 173.9778
-9.1892 8.6486 168.8070
9.4595 1.8919 161.3235
5.6757 2.9730 41.0562
8.6486 -4.8649 68.0303
-3.7838 1.8919 -5.5568
-4.5946 -5.4054 -88.3673
0.0000 4.3243 36.1076
-5.1351 1.6216 -21.4366
-8.9189 -2.9730 -143.1414
5.1351 1.3514 21.8297
-8.3784 9.7297 341.5661
8.9189 -2.9730 122.8105
0.2703 -10.0000 -490.2663
-8.3784 6.7568 38.2295
-1.0811 3.7838 24.1309
6.2162 -5.1351 -20.7463
8.6486 1.0811 120.2843
-1.8919 6.2162 114.4228
-0.8108 -8.6486 -314.1028
-0.5405 -2.9730 -9.6565
3.2432 -0.2703 3.8400
4.3243 9.1892 390.6323
4.8649 -6.7568 -129.3165
-5.4054 -4.5946 -70.0841
-7.5676 -2.9730 -89.2739
-7.5676 -5.1351 -141.6791
-3.2432 -1.8919 -5.0735
-2.4324 3.5135 17.7273
-5.9459 -8.9189 -381.9152
2.9730 -1.6216 1.7719
4.8649 4.8649 70.8657
-4.0541 1.0811 -9.7212
-5.6757 6.2162 82.9945
-2.1622 -2.4324 -4.6230
-6.7568 8.9189 290.8807
6.2162 7.5676 250.9468
-8.1081 -7.0270 -264.9667
-9.4595 2.9730 -149.6642
6.4865 -8.3784 -237.5944
1.0811 -10.0000 -490.8284
1.8919 5.6757 85.2029
-10.0000 5.1351 -127.4294
-3.5135 4.5946 38.7408
4.8649 -8.1081 -240.2488
5.6757 2.1622 33.7826
-2.7027 -4.3243 -37.3534
7.0270 -0.8108 62.9149
-7.2973 -8.3784 -356.1108
-1.3514 9.4595 414.6210
-8.1081 -5.1351 -161.0702
1.3514 -0.2703 -0.5974
-1.3514 -8.9189 -344.9604
9.7297 8.9189 520.3066
8.9189 -3.7838 109.6735
0.2703 -4.8649 -52.9696
4.5946 5.4054 88.3673
0.5405 4.8649 52.1943
-7.8378 10.0000 401.5395
-9.4595 -5.9459 -258.9910
-7.2973 -9.4595 -484.1830
-6.7568 -4.8649 -107.6408
-1.3514 -7.5676 -208.2647
-1.0811 -1.8919 -0.6655
3.2432 4.0541 32.8405
4.0541 9.4595 423.0352
-8.3784 -4.3243 -145.3570
4.3243 -9.1892 -366.9354
-5.4054 2.4324 -21.4185
-10.0000 -4.3243 -226.1076
8.6486 8.1081 379.1448
2.4324 6.4865 130.4173
-7.2973 -7.5676 -279.5422
7.5676 4.0541 108.3693
-8.1081 7.2973 88.4956
-2.7027 -2.4324 -6.0093
-4.8649 8.9189 327.6558
9.7297 -7.2973 -12.5069
-2.7027 -9.4595 -415.0090
-6.7568 9.1892 323.8464
6.2162 8.6486 356.6314
0.5405 -3.2432 -14.3229
-2.1622 2.1622 3.0324
-0.5405 0.5405 0.0474
-8.6486 8.6486 194.0734
-3.2432 -3.2432 -17.3936
-9.1892 1.6216 -145.4895
9.1892 -5.9459 46.8387
-2.7027 7.8378 231.6623
3.5135 3.7838 28.4637
-0.2703 2.4324 5.0299
2.1622 2.7027 7.0278
2.7027 -9.1892 -377.5382
4.8649 5.1351 80.7330
6.2162 -10.0000 -448.1756
8.9189 8.6486 447.7830
7.2973 4.0541 99.6806
-5.9459 5.4054 37.4663
7.0270 -1.3514 62.4881
