2 1
1.7027 0.5676 2.5457
1.8649 -1.2973 11.6202
1.7838 1.7027 0.7027
-1.1351 -2.0270 20.7757
2.8378 2.2703 3.4507
2.7568 -2.0270 19.3031
0.4865 0.7297 1.8773
-1.2973 -2.9189 29.4733
-0.3243 -0.8919 10.1169
0.8108 -0.5676 6.6282
-0.6486 0.9730 3.7728
-2.7568 0.4054 16.6560
-1.8649 2.4324 8.3944
-3.0000 2.5946 16.3535
2.9189 -0.6486 10.6976
1.4595 2.0270 0.2118
2.3514 2.7568 2.3988
-1.8649 0.3243 11.0153
-0.6486 1.5405 2.9291
1.8649 -2.3514 19.6822
1.4595 -2.9189 24.4069
0.7297 -0.7297 7.5245
1.9459 2.3514 1.0183
0.6486 2.7568 0.6961
-2.4324 1.9459 11.7845
-0.6486 -2.1081 19.5946
-1.1351 1.3784 4.9452
-1.0541 0.6486 6.0453
-1.2973 1.3784 5.6640
-0.4865 1.6216 2.3528
0.9730 2.5946 0.3543
-1.7838 2.5946 8.1030
-1.0541 -0.4054 10.0051
-2.2703 2.6757 11.1512
2.5946 -1.6216 15.6589
-2.4324 1.0541 12.6764
-0.4865 -2.4324 21.8561
-0.8919 0.8919 4.8072
-2.5946 -2.8378 36.3258
2.7568 -0.4054 8.8722
-2.9189 -0.4054 21.1439
-1.2162 0.4865 7.2023
0.3243 -1.9459 16.0270
-1.0541 0.7297 5.8327
1.7027 0.3243 3.3017
-2.2703 0.4054 13.2374
0.9730 0.8919 1.2286
-1.9459 2.5946 9.0321
0.4865 0.4865 2.5544
-1.8649 1.6216 8.3506
-1.1351 -3.0000 29.5588
-2.7568 -0.4865 20.2958
-1.7027 1.6216 7.4478
-2.1892 -2.4324 29.8174
-1.4595 2.2703 6.1220
0.0000 1.9459 1.0029
2.8378 -1.9459 18.9481
-1.4595 -3.0000 31.0489
1.8649 1.7838 0.7947
-1.7838 -2.3514 26.6837
-2.0270 -0.8108 17.0636
-1.7838 1.2162 8.3638
-1.9459 -0.5676 15.2710
-2.5946 1.2162 13.5354
-1.9459 -0.9730 17.5172
-1.8649 0.8108 9.6216
-2.7568 -2.2703 32.3484
2.0270 0.3243 3.8627
-3.0000 -2.9189 40.1958
-2.4324 2.1892 11.8174
-2.2703 -2.9189 34.8904
-2.5946 2.2703 12.9942
-0.4865 -2.8378 25.6143
0.4054 -2.7568 22.9803
-0.3243 -1.9459 17.3243
1.7027 1.3784 0.8802
2.5135 -2.6757 24.1527
-2.5135 1.2973 12.8386
0.7297 -2.1892 17.6224
-2.9189 1.3784 15.7443
-1.2973 0.0811 8.9598
3.0000 -0.4865 10.1826
1.7838 0.0000 4.6143
-0.9730 2.1892 3.9284
-1.7838 2.4324 7.9364
0.0000 -2.5946 22.1103
-0.6486 -0.8919 11.0811
2.8378 -2.0270 19.5946
-0.9730 -2.2703 22.1278
2.1081 -1.7027 14.9379
1.7027 1.1351 1.2418
-0.1622 -0.2432 6.3828
-0.0811 -1.1351 10.9978
-0.4865 0.7297 3.8232
-1.7838 -1.6216 20.8656
2.5946 -0.4054 8.3287
1.2162 -1.0541 9.3740
-1.7838 -0.6486 14.7648
1.2973 1.6216 0.2316
-2.1892 2.5135 10.4346
-0.8919 -2.4324 23.2257
-2.8378 0.4054 17.2717
-1.2973 0.4865 7.5683
-0.5676 -1.5405 14.9927
-2.6757 2.6757 13.9671
-1.3784 -2.7568 28.2834
2.7568 1.6216 3.2294
2.3514 2.5135 2.0898
-2.3514 2.8378 11.9335
3.0000 -2.5135 24.3718
0.2432 -1.3784 11.9861
2.5135 0.9730 3.3455
-2.9189 0.1622 18.7356
-2.1081 -0.9730 18.4989
-0.4865 -1.1351 12.0387
-2.2703 -1.2973 21.5668
2.3514 2.4324 2.0131
-0.9730 2.8378 4.5946
0.2432 0.0000 4.5727
-1.7027 -1.1351 17.1337
-0.9730 -1.6216 17.0088
-2.5135 -2.5946 33.4551
2.6757 -1.2973 13.6801
1.0541 2.4324 0.1899
1.3784 -2.1081 17.0197
-1.9459 -0.7297 16.1300
-1.9459 -1.2973 19.5508
1.6216 -2.8378 23.7911
-0.3243 2.0270 1.7546
0.8919 -0.9730 8.8503
-0.4054 1.5405 2.1863
-2.9189 -1.6216 28.4741
1.2973 2.7568 0.6611
-0.3243 3.0000 2.7538
-0.8108 2.3514 3.4025
0.4865 0.5676 2.3156
3.0000 0.6486 5.8262
-1.2162 1.8649 4.9299
-2.5135 -0.6486 19.3601
1.4595 -2.7568 22.8378
-2.1081 1.2162 10.2747
0.8108 -1.2973 10.9080
1.6216 -1.3784 11.7999
-2.6757 -1.2973 24.3828
3.0000 2.1081 4.0117
1.4595 -2.5946 21.3214
-3.0000 -0.5676 22.5924
-2.0270 -1.4595 21.1308
0.0811 1.6216 0.9876
-0.0811 0.8108 2.5829
-2.0270 1.1351 9.9109
-0.8919 -1.2973 14.4514
-0.8108 1.2162 3.8934
-0.5676 -2.6757 24.3192
2.0270 -0.8108 8.9554
0.0000 1.7838 1.0467
-0.2432 -2.1081 18.4222
-3.0000 0.0811 19.6822
-0.9730 -0.8919 12.2557
-0.0811 1.7027 1.2571
1.6216 1.2973 0.8802
-2.1081 -1.2973 20.5325
1.8649 0.8919 1.9759
2.4324 -1.2973 12.9240
-3.0000 -1.3784 27.4134
-0.7297 2.8378 3.6939
-2.9189 -2.4324 35.0044
1.7838 -2.9189 24.8101
0.9730 0.1622 3.3784
-1.3784 0.5676 7.7085
0.2432 -2.4324 20.2191
1.7027 -0.8919 8.8568
0.2432 0.2432 3.6589
1.3784 -1.3784 11.5566
-0.0811 -0.3243 6.5712
-0.8919 -1.0541 12.9065
1.7838 -0.0811 4.9452
0.3243 1.7027 0.5449
1.2973 2.9189 0.9328
-0.8919 -0.8919 11.9423
1.5405 2.4324 0.4792
-2.5135 0.8919 13.5727
-0.9730 1.1351 4.6406
-2.7568 0.9730 15.1680
0.8108 2.5946 0.3893
2.6757 -1.7027 16.5179
2.1081 -3.0000 26.2279
2.7568 -1.7838 17.4032
3.0000 2.7568 4.5727
-1.5405 1.8649 6.4726
-1.8649 -2.4324 27.8539
-0.8108 0.4054 5.8218
-3.0000 -0.3243 21.4025
-2.4324 -1.2973 22.6538
-0.9730 -2.9189 28.0884
0.8919 2.0270 0.0124
-0.1622 2.9189 2.1950
0.0000 -0.9730 9.8386
0.8919 -0.1622 4.6866
-1.3784 1.2162 6.2710
2.5135 -1.6216 15.4069
0.1622 -0.2432 5.7341
-2.7568 -1.3784 25.5267
2.3514 -1.6216 14.9423
-0.7297 2.7568 3.5646
0.6486 -1.2973 10.9956
1.6216 0.7297 2.0000
2.3514 0.0000 5.8262
-0.3243 0.6486 3.5800
2.1081 0.2432 4.3141
-1.6216 1.9459 6.8758
-0.4865 -1.2973 13.0818
1.0541 -1.2162 10.3470
-1.8649 0.2432 11.2936
0.0811 -2.6757 22.7064
1.0541 0.7297 1.6165
-1.0541 0.0811 7.9014
0.9730 -0.1622 4.6757
-0.6486 1.7838 2.7648
-1.7027 2.3514 7.4280
-1.7027 -2.5135 27.6764
1.2162 0.2432 3.1329
1.5405 -1.2973 11.1644
2.6757 -2.4324 22.4543
0.3243 -0.3243 5.8590
0.5676 1.0541 1.0818
2.2703 -1.4595 13.5814
0.3243 0.8108 1.8707
0.2432 1.5405 0.7838
-1.7838 -1.2973 18.6216
1.6216 -2.4324 20.0329
1.2973 1.7838 0.1351
-1.0541 -1.8649 19.1563
0.3243 2.4324 0.6435
2.2703 2.0270 1.6143
-0.0811 1.2162 1.7831
0.1622 -0.4054 6.4879
0.3243 1.2973 0.9503
-2.9189 -2.5946 36.4682
-0.5676 0.2432 5.5435
-1.9459 0.8108 10.0928
0.9730 2.3514 0.1242
-0.2432 -0.7297 8.9971
-1.1351 -2.1081 21.4354
1.4595 0.0000 4.2111
-0.1622 -0.0811 5.6815
0.9730 2.7568 0.5734
1.8649 0.3243 3.5559
2.9189 1.9459 3.6852
-0.4865 1.5405 2.4207
-0.6486 -1.4595 14.6859
1.1351 -2.3514 18.9525
0.4865 0.0000 4.2637
-1.1351 -1.9459 20.1293
-0.8919 1.8649 3.5975
1.7027 -2.8378 23.8985
3.0000 1.6216 4.1432
-1.8649 -2.0270 24.4244
-2.8378 3.0000 15.7290
1.1351 2.8378 0.7202
1.2162 -2.8378 23.4514
-2.9189 -2.1892 32.9072
-1.1351 0.8919 5.7867
0.4054 -0.4865 6.5362
-2.9189 0.0811 19.0402
-1.7027 1.1351 8.0526
0.5676 1.4595 0.4792
2.1892 -1.5405 13.9496
-1.4595 -1.3784 17.4624
-1.7027 1.3784 7.6910
2.5135 0.7297 3.9043
-2.2703 1.5405 10.9058
2.0270 2.4324 1.2418
2.1081 -1.2973 12.1001
1.1351 2.4324 0.2053
0.0811 -0.8108 8.7451
0.0000 1.8649 1.0183
2.3514 -0.5676 8.4186
1.0541 -0.7297 7.4543
1.7027 2.7568 1.0665
1.3784 1.7027 0.2316
1.2973 -2.2703 18.3236
-0.7297 -1.4595 14.9598
-1.6216 2.1081 6.8846
0.6486 2.0270 0.1242
-1.6216 2.6757 7.3294
-2.1892 -0.6486 17.1863
-2.0270 0.6486 10.9890
2.4324 -0.3243 7.4543
-0.1622 -2.5946 22.4609
-1.8649 1.0541 9.1023
-2.1081 -1.0541 18.9876
-2.7568 2.4324 14.3002
-2.1892 -0.1622 14.8459
0.1622 -1.2162 11.0460
-1.1351 1.4595 4.8510
2.4324 0.8919 3.2798
1.0541 2.5946 0.3565
-2.3514 -1.3784 22.6450
0.4865 -2.7568 22.8904
2.1081 1.0541 2.1227
0.9730 1.6216 0.1439
-2.9189 -1.5405 27.8934
1.2162 -2.5135 20.4186
0.0811 1.2162 1.4587
0.6486 -1.5405 12.6589
2.7568 -0.8919 11.4492
-2.3514 1.8649 11.2498
0.0811 -0.7297 8.2958
1.3784 1.2162 0.7575
0.9730 -0.8919 8.3638
1.2162 -1.5405 12.5822
2.1892 -2.1081 18.2907
-2.4324 0.9730 12.8364
2.3514 -2.7568 24.4529
0.7297 1.7838 0.1198
-1.0541 -0.9730 13.0577
2.2703 1.7838 1.6603
1.0541 -0.4865 6.1855
-0.6486 -0.6486 9.7334
-0.3243 -1.1351 11.5829
2.1892 -1.9459 16.9847
2.0270 -2.5946 22.1651
-1.7027 3.0000 8.3046
-0.9730 0.2432 6.9788
1.0541 -1.2973 10.8751
2.3514 -1.9459 17.3966
2.9189 3.0000 4.6822
-0.8919 -2.1892 21.1286
-0.7297 -0.3243 8.3944
-1.4595 -0.8919 14.4120
-2.7568 -1.9459 29.6837
2.5135 -1.3784 13.7042
0.0000 -2.1892 18.5493
-2.5946 -1.8649 27.8583
0.2432 -0.2432 5.6048
-1.5405 1.6216 6.5975
-2.0270 0.8108 10.5771
0.7297 1.1351 0.8210
1.1351 -0.8108 7.9189
-0.3243 -2.5946 22.8641
0.3243 2.2703 0.5296
-1.3784 -0.4054 11.4427
0.4865 0.0811 3.9459
-2.3514 -2.9189 35.4273
-1.9459 1.0541 9.5734
-1.1351 1.7838 4.6056
-0.4054 -0.6486 8.9905
-1.0541 -0.3243 9.6216
1.7838 0.2432 3.7005
2.5946 -0.3243 7.9452
-1.2973 -2.1081 22.1541
-0.3243 -1.5405 14.2893
0.8108 0.2432 3.1220
0.8108 -0.9730 8.8744
2.9189 0.8108 5.0964
-1.8649 -1.3784 19.6209
1.5405 2.1892 0.3280
0.7297 -1.2162 10.4171
-1.4595 0.0811 9.7312
-0.7297 2.9189 3.8364
0.1622 -1.8649 15.6392
0.7297 -1.5405 12.6085
-3.0000 1.7838 16.0467
1.2973 -1.0541 9.4156
0.0811 -3.0000 25.8444
-0.7297 2.5135 3.2557
0.8108 -1.0541 9.3630
2.6757 2.9189 3.6523
0.3243 2.0270 0.4573
-1.7027 -0.9730 16.1432
-1.7838 0.0811 11.4317
-1.2973 -1.7027 18.9876
0.3243 -1.5405 12.9920
-0.4054 -0.8108 9.8758
-0.4865 0.2432 5.2958
-0.1622 -2.8378 24.7553
-2.9189 -2.6757 37.2199
-2.1081 -0.0811 13.9912
1.3784 -2.9189 24.3389
1.5405 0.9730 1.3470
0.8108 -1.7027 13.7458
2.2703 1.0541 2.5084
1.8649 1.2973 1.2418
-2.5946 -2.0270 29.1381
0.0811 -2.7568 23.4711
-0.4865 -0.0811 6.5405
-2.4324 0.8108 13.1958
-2.0270 -2.6757 31.0248
1.7027 1.2162 1.1081
-0.9730 -0.4054 9.6786
-1.4595 1.1351 6.7969
-1.0541 -0.8919 12.5822
3.0000 0.8108 5.4142
-1.6216 2.1892 6.9087
-1.7838 2.7568 8.3221
0.1622 -0.8108 8.6026
1.7838 0.8919 1.8422
-2.7568 -2.1081 30.9898
2.1081 -1.7838 15.5449
1.5405 2.6757 0.7487
-2.5135 1.8649 12.3630
1.9459 -2.7568 23.5215
-2.2703 2.1892 10.7305
0.2432 -1.8649 15.5099
-1.7027 0.6486 9.1308
-3.0000 -2.7568 38.6267
-1.6216 -2.6757 28.7348
1.4595 2.5946 0.5646
-1.8649 -1.1351 18.0365
-3.0000 2.5135 16.2637
0.7297 3.0000 1.0730
-2.8378 1.8649 14.7473
-1.0541 -2.5946 25.3294
2.5135 2.2703 2.3638
2.2703 0.5676 3.6654
0.9730 -1.9459 15.5712
-0.5676 -1.9459 18.0278
0.4865 -1.2162 10.6077
-1.1351 -1.7838 18.8758
2.0270 2.1081 1.0665
-2.1081 2.6757 10.1169
-2.7568 2.1892 14.1490
0.3243 -0.9730 9.2951
-0.0811 0.0811 4.8510
3.0000 -0.3243 9.4025
0.8108 1.7838 0.0825
-1.9459 -1.3784 20.0920
-0.8108 1.3784 3.6654
-2.1081 -0.7297 17.1118
-1.5405 -1.4595 18.4222
-1.8649 -0.3243 13.6099
1.2162 0.4054 2.5895
-2.6757 -0.3243 18.9131
-1.8649 -0.1622 12.8824
0.7297 2.4324 0.2600
-2.1081 2.5135 9.9240
2.2703 1.5405 1.8247
0.6486 0.8919 1.3514
2.1081 -2.8378 24.6326
2.5946 -2.8378 25.9474
-0.0811 2.6757 1.6253
2.3514 1.6216 1.9693
-0.4865 1.2973 2.7034
-2.6757 2.5135 13.7743
-1.4595 1.5405 6.2600
-2.7568 0.0000 18.1132
0.8108 -0.8919 8.3988
1.7838 -2.1081 17.4909
-1.0541 1.8649 4.2374
0.8108 2.2703 0.1088
0.5676 -0.2432 5.2191
-0.1622 -2.3514 20.2849
0.7297 -2.9189 24.2688
2.6757 0.4054 5.3506
2.4324 -2.3514 20.9861
1.8649 0.0000 4.7480
-2.1081 -0.4865 15.8430
0.0000 -2.4324 20.6465
-2.8378 0.3243 17.5369
0.4054 1.3784 0.7400
2.5135 1.2162 2.9050
1.7838 -2.2703 18.8495
-2.7568 -2.7568 36.7400
-2.9189 0.9730 16.4127
2.7568 -2.2703 21.3214
1.2162 -3.0000 25.0467
-1.4595 2.7568 6.6216
1.6216 -0.6486 7.4018
1.2973 0.6486 1.9145
0.8108 -0.4054 5.8218
-2.8378 1.5405 14.9401
0.3243 0.3243 3.2644
2.1081 2.6757 1.6844
-0.8919 1.7027 3.6676
2.1081 -2.6757 23.0898
0.4054 -2.8378 23.7582
1.9459 -0.4054 6.6808
-0.6486 0.0000 6.7180
2.4324 2.4324 2.2389
-1.0541 -1.7027 17.9291
1.0541 1.7838 0.0497
-2.5135 -0.0811 16.6757
-2.8378 2.1892 14.7648
-2.9189 -1.4595 27.3258
0.0000 -3.0000 26.0000
-0.6486 3.0000 3.7180
1.3784 -2.0270 16.3601
0.0811 2.4324 1.0314
-1.4595 2.6757 6.5055
2.9189 2.6757 4.1388
1.0541 -1.1351 9.8320
-2.4324 0.7297 13.3952
-2.0270 1.7027 9.2513
-2.0270 1.2162 9.7772
1.5405 1.6216 0.4354
-2.7568 -2.3514 33.0475
-1.0541 -2.7568 26.8459
1.5405 -1.0541 9.6194
0.4054 -1.0541 9.6808
-0.4865 -0.1622 6.8846
2.5946 2.1892 2.5785
-2.6757 -2.6757 35.3725
1.8649 -2.0270 16.9649
-1.0541 2.9189 5.0636
1.9459 -2.0270 17.1118
-0.7297 -1.8649 17.9291
-1.0541 0.0000 8.2191
1.9459 0.8919 2.1227
-0.4865 1.0541 3.1045
1.2162 -0.1622 4.7217
2.1892 0.4865 3.7049
-0.9730 0.6486 5.7188
-1.7838 -1.1351 17.5785
-1.2162 2.1892 4.9474
-0.8919 2.8378 4.2812
-0.1622 -1.2162 11.6947
0.0000 1.4595 1.2922
2.2703 -2.0270 17.8305
2.8378 -2.6757 25.2396
-2.3514 -0.1622 15.9065
0.0000 -1.4595 12.9679
-0.2432 -1.8649 16.4828
3.0000 2.3514 4.1234
2.0270 -0.4865 7.2374
-2.3514 -1.8649 26.1687
2.1081 1.4595 1.5201
-0.8919 1.2973 4.0730
2.4324 -2.6757 23.9138
-1.0541 2.1081 4.2308
-1.1351 0.0811 8.2411
-2.1081 1.9459 9.6633
2.9189 1.2973 4.1760
-0.3243 -2.5135 22.1256
0.0000 -1.7838 15.3170
-2.3514 1.0541 12.1264
2.1892 0.8108 2.8283
0.0811 0.7297 2.4580
-2.9189 -2.2703 33.5931
-2.5135 2.1081 12.3565
0.6486 1.8649 0.1417
-0.7297 -1.6216 16.1081
0.7297 0.3243 2.8809
1.9459 -1.2162 11.2389
-2.0270 2.1892 9.1987
-1.4595 1.4595 6.3411
0.5676 1.9459 0.1899
-1.2973 -0.8108 13.1782
1.0541 -2.1081 16.8795
0.4865 -2.8378 23.6684
-0.5676 -1.2973 13.3294
-1.4595 0.9730 7.1037
-2.4324 -1.4595 23.7495
0.9730 2.5135 0.2644
0.7297 2.8378 0.7750
-1.7027 -1.7838 21.6216
-2.8378 1.2973 15.2228
0.8108 2.8378 0.7378
-0.4054 -1.2162 12.3192
-2.6757 -0.4054 19.2966
-1.2973 -1.1351 15.1066
2.3514 -2.6757 23.6881
-1.8649 -0.6486 15.2228
2.1892 0.6486 3.2403
0.0000 -1.8649 15.9372
-2.4324 -1.8649 26.7188
2.9189 2.2703 3.7553
1.9459 -0.0811 5.2257
-1.5405 -2.4324 26.1008
0.3243 1.7838 0.5033
2.5135 2.6757 2.7473
-1.8649 0.4054 10.7502
-0.4054 1.6216 2.1183
-1.7027 2.5135 7.5683
-0.8108 1.8649 3.2973
1.1351 0.2432 3.1045
0.7297 2.3514 0.1965
-1.0541 -2.5135 24.5909
0.6486 -1.6216 13.2396
1.7027 -2.6757 22.3557
-2.5946 1.7027 13.0095
-0.4865 -1.6216 15.3258
0.1622 -1.1351 10.5310
2.2703 2.1892 1.6494
-2.5946 -0.1622 17.5961
1.8649 2.0270 0.7487
-0.9730 -1.3784 15.3061
-3.0000 0.4054 18.5427
0.9730 3.0000 1.0007
2.9189 -1.2973 14.5544
2.6757 0.8108 4.2221
1.0541 0.3243 2.8108
1.5405 -0.2432 5.3243
-1.2162 2.5135 5.1753
1.2973 -0.6486 7.1037
-2.1892 -1.6216 23.2871
2.6757 -2.1081 19.6844
0.5676 -2.0270 16.4039
-2.7568 -2.6757 35.9752
1.7838 2.3514 0.7378
1.2162 -2.2703 18.2820
0.4054 2.3514 0.4770
0.1622 0.4865 2.9927
0.4054 2.1892 0.3893
0.0000 0.4054 3.5427
-0.8108 2.4324 3.4660
-1.7838 -2.1892 25.2988
2.8378 -2.5135 23.7495
2.6757 2.8378 3.5099
-2.1892 1.7838 10.2177
-0.5676 -1.4595 14.4251
-0.9730 1.2973 4.3864
1.7838 -2.5135 20.9861
0.2432 0.1622 3.9503
-1.0541 0.4054 6.7619
-1.2162 1.1351 5.6596
-0.1622 -3.0000 26.3506
1.0541 1.8649 0.0212
2.4324 3.0000 3.0519
2.4324 -2.1081 18.9284
-2.9189 -2.8378 38.7626
-1.1351 1.2973 5.0526
-2.6757 -3.0000 38.5106
-2.5946 -0.8108 20.8218
-1.6216 -2.5135 27.2447
-2.8378 1.3784 15.1154
1.1351 2.1081 0.0299
-2.8378 -1.2973 25.6012
-1.0541 -2.9189 28.4149
1.3784 2.4324 0.3302
1.9459 -2.8378 24.2995
-1.5405 -1.7838 20.7714
-1.1351 1.5405 4.7699
0.7297 2.0270 0.0738
1.2162 2.6757 0.5033
0.4054 2.4324 0.5405
-1.7838 0.7297 9.3630
1.6216 -0.4865 6.5690
-0.8108 -2.5946 24.3893
1.4595 0.3243 3.0190
-0.9730 -0.6486 10.9080
-3.0000 -0.0811 20.3309
2.4324 -2.7568 24.6786
0.9730 -1.0541 9.3280
1.7027 -0.8108 8.3944
1.1351 -1.2973 10.8904
-0.0811 -1.5405 13.7042
2.1892 -2.4324 21.0606
0.8108 1.4595 0.3280
1.0541 -0.1622 4.6779
0.8919 0.3243 2.8196
-0.0811 0.2432 4.2549
-0.0811 -1.7838 15.4858
-1.2162 -0.8919 13.2747
1.6216 -1.0541 9.7137
-0.8919 2.0270 3.5800
-1.0541 -1.6216 17.3353
-2.7568 -0.8919 22.4763
-0.5676 1.8649 2.4755
-1.7838 1.2973 8.2432
1.7027 -0.4865 6.6764
2.2703 2.5135 1.8773
-2.0270 -2.7568 31.7896
-1.4595 0.4865 8.3397
2.8378 -0.8919 11.7407
-2.9189 -0.0811 19.6888
-0.1622 -2.9189 25.5464
2.9189 -2.7568 26.3090
0.5676 -0.1622 4.8619
0.4054 1.2973 0.8473
0.5676 2.5946 0.5405
2.8378 -1.5405 15.9131
-0.8919 -2.6757 25.4412
-2.6757 -1.9459 29.0811
1.8649 0.6486 2.5741
-1.3784 -2.5135 26.0285
-0.2432 2.3514 1.6691
1.3784 -2.6757 22.0051
1.6216 1.8649 0.4047
-0.1622 0.8108 2.7648
-2.1892 1.3784 10.5573
-2.5946 1.2973 13.4149
-2.7568 0.5676 16.1651
-1.6216 3.0000 7.8729
3.0000 2.2703 4.0730
-2.7568 -1.6216 27.2294
1.8649 -2.2703 18.9832
-0.0811 1.1351 1.9167
-1.7027 2.2703 7.3776
-0.0811 -2.6757 23.0307
2.5946 -0.6486 9.5581
0.4054 -2.0270 16.5705
0.3243 -2.6757 22.3185
-3.0000 -1.7838 30.3170
2.2703 -2.5135 21.9854
2.4324 -1.6216 15.1680
-2.5946 1.0541 13.8159
0.6486 -1.4595 12.0913
3.0000 -1.7838 18.3170
-3.0000 2.8378 16.7020
1.9459 0.8108 2.3090
0.5676 -2.1081 17.0636
-0.1622 0.8919 2.5785
-2.1892 1.0541 11.0657
-1.7027 -1.9459 22.8751
1.0541 0.1622 3.3806
-0.8108 1.4595 3.5712
-0.4865 -2.9189 26.4054
1.2162 0.9730 1.1015
-2.3514 -1.7027 24.9416
-1.7027 0.3243 10.1125
2.1892 0.9730 2.4690
2.1081 1.2162 1.8422
-0.8919 -2.2703 21.8145
1.3784 1.9459 0.1461
-2.4324 -2.8378 35.1863
1.5405 -1.6216 13.4083
-0.9730 1.4595 4.1848
-2.1081 2.7568 10.2330
-1.8649 1.3784 8.5939
-0.4054 2.2703 2.0482
1.4595 0.6486 2.0373
-2.5946 1.6216 13.0643
0.0000 2.4324 1.1870
1.9459 2.0270 0.8955
1.2162 1.7027 0.1351
0.6486 0.0000 4.1234
0.7297 -1.4595 12.0409
2.3514 -1.2162 12.1702
-0.8919 3.0000 4.5793
1.8649 -2.7568 23.3747
2.6757 -0.9730 11.6465
-0.8108 -1.9459 18.8495
0.1622 -0.4865 6.8846
1.2973 0.8108 1.5026
0.5676 0.3243 2.9949
0.3243 1.5405 0.6676
-0.0811 -1.2973 12.0409
-0.3243 -0.5676 8.3462
-2.3514 -1.2973 22.1037
-2.5946 1.9459 12.9240
-2.4324 2.2703 11.8546
-0.2432 0.3243 4.3535
2.5946 1.1351 3.2907
-0.2432 1.5405 1.7568
-1.4595 2.3514 6.1724
2.5946 -1.8649 17.4799
-2.4324 -0.7297 19.2330
2.2703 -0.2432 6.6457
-2.9189 -3.0000 40.3579
-0.4865 0.4054 4.7524
-1.3784 -1.8649 20.5939
2.5946 -1.7027 16.2527
-0.2432 2.5946 1.8992
2.7568 -2.4324 22.7327
-2.1081 1.7027 9.7487
2.1081 -2.0270 17.4449
-0.5676 -1.8649 17.3944
-2.7568 -2.5946 35.2235
-0.4054 2.1081 1.9869
-0.2432 -2.8378 24.9503
-1.1351 -2.7568 27.1855
1.9459 -0.3243 6.2973
0.4865 1.9459 0.2666
-1.0541 1.5405 4.4302
0.6486 -0.3243 5.5259
-0.4865 -1.3784 13.6231
-2.1892 3.0000 11.1709
1.1351 -1.6216 13.1344
-3.0000 0.7297 17.6136
-1.3784 2.0270 5.6574
2.2703 -1.2973 12.4858
-2.4324 -2.6757 33.6435
-2.0270 2.0270 9.1636
2.2703 2.9189 2.4580
-1.5405 1.0541 7.3492
-2.9189 -2.5135 35.7297
2.6757 0.7297 4.4215
2.2703 -3.0000 26.6136
-0.3243 -2.4324 21.4003
-2.5946 0.9730 13.9759
-0.8919 -2.5946 24.6896
-0.0811 -0.2432 6.2009
0.8108 -2.5135 20.4076
-1.1351 -0.3243 9.9613
-0.4865 -2.5946 23.3199
-0.4865 1.9459 2.2126
0.5676 -2.8378 23.5917
0.2432 -0.3243 5.9752
0.2432 1.8649 0.5909
3.0000 -2.7568 26.6267
2.2703 -2.4324 21.2600
-0.8919 -0.9730 12.4178
2.5946 -2.3514 21.4770
-0.8919 -0.8108 11.4799
2.1081 -0.1622 5.9028
-0.6486 -0.5676 9.3104
0.1622 2.9189 1.5464
2.4324 1.0541 2.9467
-1.0541 2.7568 4.7918
0.0000 -1.7027 14.7100
1.3784 0.0000 4.1432
2.3514 -2.8378 25.2308
2.2703 -0.5676 8.2060
-1.0541 2.5946 4.5727
-0.4865 -2.3514 21.1439
-0.5676 2.5946 2.8108
2.7568 -1.0541 12.4134
0.4865 -1.0541 9.5909
-1.9459 -2.7568 31.3053
-0.5676 0.1622 5.8349
1.1351 -1.9459 15.5888
0.6486 -1.1351 9.9525
1.4595 -1.9459 15.7816
-1.2973 -0.8919 13.6406
-2.5135 -0.2432 17.3769
-1.1351 -2.8378 27.9635
-2.1892 2.1892 10.2067
-2.6757 3.0000 14.5106
2.9189 -2.5135 24.0541
-0.3243 1.8649 1.7721
-2.6757 1.9459 13.5135
-1.4595 -2.7568 28.6757
-0.5676 -1.7027 16.1673
2.2703 0.4865 3.9043
1.0541 1.7027 0.0913
-1.7838 1.7027 7.8378
2.1081 -0.4054 7.0139
1.1351 1.7027 0.1066
-1.2973 2.5946 5.6311
-1.7027 -3.0000 32.3046
-1.3784 0.7297 7.2703
2.4324 2.0270 2.0526
-2.1081 -1.4595 21.6282
-1.5405 -2.7568 29.0811
2.8378 -2.1081 20.2542
0.9730 1.7027 0.0891
-1.5405 -2.6757 28.3163
2.5946 0.6486 4.3689
2.3514 -2.5946 22.9364
2.6757 0.3243 5.6158
-1.2162 1.3784 5.2980
-2.0270 0.8919 10.3908
-0.7297 0.7297 4.6056
1.2162 2.3514 0.1702
-1.7027 1.5405 7.5157
2.2703 -2.9189 25.8093
1.7838 1.1351 1.3623
2.8378 -1.2973 14.2498
0.8919 0.5676 2.0636
2.7568 -2.7568 25.7129
-1.4595 -2.1081 22.9255
1.8649 2.1892 0.7838
-2.9189 -1.2162 25.7020
2.6757 2.7568 3.3806
1.7838 2.5946 0.9679
-0.8108 -1.2973 14.1512
-1.9459 2.8378 9.3806
-0.9730 -0.0811 8.2235
-0.9730 2.5135 4.1563
-0.4865 2.1081 2.2213
2.6757 -1.9459 18.3784
-2.8378 -0.1622 19.4039
-1.6216 -0.4054 12.6589
-2.5946 0.3243 15.7290
-0.4054 2.5135 2.2389
0.7297 0.8919 1.3009
2.7568 -1.5405 15.6216
0.3243 -0.8919 8.8196
-1.4595 -1.8649 20.9861
2.6757 -3.0000 27.8079
-0.3243 -0.1622 6.4288
0.7297 -0.9730 8.9116
-2.5946 -2.3514 31.8554
-0.2432 0.6486 3.3718
-2.7568 -0.7297 21.5646
1.8649 -2.1892 18.2973
0.7297 1.2162 0.6874
0.2432 -2.2703 18.8079
0.8108 -2.4324 19.6822
-2.1892 -1.9459 25.7414
2.7568 -2.5946 24.1965
1.7838 -0.8919 8.9774
3.0000 2.4324 4.1870
0.4054 1.9459 0.3565
-1.1351 -1.3784 15.9722
2.0270 0.2432 4.1410
-1.6216 2.7568 7.4456
-2.5135 -1.6216 25.4609
-2.5946 1.8649 12.9394
-0.5676 -0.2432 7.4894
1.1351 0.0811 3.7005
0.0811 2.5946 1.1980
-2.2703 -1.6216 23.8108
1.7838 2.4324 0.8013
-1.7838 2.1892 7.7852
-1.6216 -0.4865 13.0555
2.6757 2.4324 2.9949
-1.2162 1.5405 5.1227
0.6486 1.1351 0.8714
-0.4865 2.8378 2.9116
-0.0811 -2.4324 20.8152
-1.6216 0.0811 10.5551
-1.8649 2.5135 8.4711
0.5676 2.4324 0.3740
0.3243 1.2162 1.0709
0.4865 -1.8649 15.2009
2.3514 -0.4865 8.0088
-2.1892 -0.9730 19.0095
2.2703 -2.7568 24.2403
3.0000 0.7297 5.6136
1.7838 -1.2973 11.4865
1.5405 0.6486 2.1183
-1.4595 1.8649 6.0672
1.5405 -2.7568 22.9189
-1.6216 -0.7297 14.3243
0.3243 2.7568 1.0292
-2.2703 1.9459 10.6976
1.7838 -1.4595 12.5822
-0.4054 0.2432 5.0614
1.7027 2.1892 0.5296
-2.3514 -2.6757 33.0935
-0.1622 -1.4595 13.3185
-1.7027 0.8108 8.7188
0.8108 0.0811 3.7180
-2.7568 1.4595 14.4054
-1.2973 1.2162 5.8919
-0.2432 -2.6757 23.4076
-2.2703 1.0541 11.5895
-2.4324 0.1622 15.1592
-0.9730 0.0811 7.5749
2.2703 1.6216 1.7568
-1.6216 1.1351 7.6209
-2.8378 -0.8108 22.6297
-0.8108 2.1892 3.3148
-2.0270 -1.7838 23.4799
-2.4324 2.3514 11.9050
0.1622 1.8649 0.7202
2.5135 0.6486 4.1169
1.7838 0.4865 2.9050
2.4324 0.5676 4.1037
0.6486 -0.0811 4.4543
0.0811 -1.8649 15.7816
1.7838 1.9459 0.6172
1.3784 -2.8378 23.5478
-1.6216 -0.3243 12.2754
0.4054 1.0541 1.2484
-1.9459 -2.1892 26.2279
-0.5676 -0.4054 8.2432
0.9730 -0.9730 8.8393
-2.1892 -0.4865 16.3535
2.1892 -0.7297 8.8656
-0.5676 1.6216 2.6004
2.6757 2.6757 3.2644
-1.6216 -0.6486 13.8882
1.7838 -1.3784 12.0278
1.2162 -2.1892 17.5961
1.3784 2.1892 0.1790
-1.8649 -0.4865 14.3901
-1.8649 -0.2432 13.2396
0.4054 2.7568 0.9262
1.2162 -2.6757 21.9087
-1.1351 1.1351 5.3068
2.7568 -3.0000 28.0862
-1.0541 0.5676 6.2710
-3.0000 -2.2703 34.2352
-0.8108 2.1081 3.2907
1.0541 -0.4054 5.7889
-1.5405 1.7838 6.5011
-1.2162 -0.5676 11.5040
-0.5676 -1.3784 13.8707
-1.4595 -0.7297 13.5004
-0.7297 -2.3514 21.9262
2.8378 -2.9189 27.5734
1.6216 -2.6757 22.2484
2.1892 -1.7838 15.7312
2.5135 -1.0541 11.6180
-2.4324 -0.1622 16.4565
-2.9189 1.4595 15.6501
1.7838 -2.5946 21.7246
-1.4595 3.0000 7.0489
-1.7838 -2.9189 31.9452
2.0270 0.6486 2.8809
-1.1351 2.1892 4.5946
1.7027 1.7027 0.5822
-0.8108 -1.7838 17.5961
-0.6486 0.3243 5.5259
-3.0000 1.5405 16.2111
1.2973 2.0270 0.0891
-0.2432 0.7297 3.1592
-2.1892 -0.4054 15.9569
1.2162 0.0811 3.7290
1.1351 -1.7838 14.3353
-0.6486 0.6486 4.5442
-1.9459 -2.6757 30.5405
-0.2432 1.1351 2.2936
-0.4054 -0.8919 10.3382
-0.6486 2.2703 2.7911
2.0270 -2.8378 24.4595
-0.2432 0.2432 4.6318
-2.7568 0.4865 16.4039
-0.7297 0.0811 6.6742
1.2973 2.2703 0.1614
-1.6216 1.0541 7.7677
2.2703 -1.7838 15.9306
0.0811 -0.9730 9.6830
-0.1622 -1.2973 12.2228
-0.7297 1.3784 3.3784
-1.7838 -2.2703 25.9847
-0.4865 -0.9730 11.0482
-2.1892 2.3514 10.2944
0.0000 -2.7568 23.6267
0.8919 -0.5676 6.6041
1.5405 -1.3784 11.7056
1.9459 -0.2432 5.9270
0.4865 2.8378 0.9657
1.2162 -0.4054 5.8327
-0.8919 -1.1351 13.4083
1.2162 -0.3243 5.4492
-0.6486 -1.8649 17.6552
-0.8108 -1.4595 15.2469
0.2432 1.7838 0.6194
-2.1892 -0.2432 15.2031
1.5405 2.9189 1.1366
-2.2703 0.2432 13.7809
-1.6216 2.5946 7.2264
-1.2973 -1.3784 16.6910
1.4595 -2.2703 18.4463
2.4324 -1.5405 14.5873
-1.2162 -2.0270 21.1286
-3.0000 0.5676 18.0519
-2.8378 1.7838 14.7757
-0.1622 -0.8108 9.2513
-0.2432 -2.4324 21.1921
0.4054 1.7838 0.4003
-1.7027 -0.4865 13.4872
-2.0270 1.3784 9.5493
-0.0811 -0.0811 5.4996
2.8378 1.6216 3.5208
-0.8108 -3.0000 28.2790
1.6216 -0.0811 4.7173
-1.3784 0.0000 9.6567
-2.8378 1.2162 15.3433
-0.4054 -2.3514 20.9094
1.3784 0.4865 2.4339
0.0000 1.0541 1.8948
-0.3243 -0.7297 9.2053
1.5405 1.0541 1.1870
0.7297 2.2703 0.1461
-0.4054 -1.6216 15.0913
2.5946 -1.2162 12.8868
-1.9459 -1.7838 22.9956
-2.2703 -0.1622 15.3696
0.9730 0.3243 2.8086
0.8108 1.2973 0.5296
-0.5676 1.7027 2.5457
-0.8108 2.2703 3.3521
-0.8108 0.9730 4.3338
0.1622 -1.3784 12.1154
-1.9459 1.9459 8.6815
-1.1351 -2.5135 24.9306
2.1892 -0.1622 6.0891
-0.8108 -2.9189 27.4748
1.2162 -1.4595 12.0146
2.8378 -2.1892 20.9270
3.0000 2.8378 4.7020
0.9730 -1.3784 11.4142
-0.0811 -1.2162 11.5128
2.3514 -1.5405 14.3616
1.6216 2.5135 0.6501
0.4865 0.4054 2.8064
1.5405 0.2432 3.3784
-2.2703 -0.8919 19.0577
2.7568 -0.8108 10.9869
-1.8649 1.7027 8.2958
-2.0270 -1.1351 18.9920
1.5405 0.0811 3.9744
-0.5676 2.9189 3.3017
0.9730 2.1892 0.0365
-2.5135 1.6216 12.4879
1.1351 1.7838 0.0650
-2.9189 1.2162 15.9722
0.5676 -1.1351 10.0161
-1.0541 -3.0000 29.2191
0.1622 2.5946 1.0555
-3.0000 -0.4865 22.1826
0.3243 2.3514 0.5800
-2.1892 1.5405 10.3820
-2.4324 -0.9730 20.6202
1.5405 -1.5405 12.8276
-0.2432 -1.3784 12.9591
-1.2162 1.0541 5.8064
1.7838 -0.1622 5.2893
2.4324 -0.8108 9.9525
2.1081 0.3243 4.0358
-0.2432 -0.4054 7.3316
-2.3514 2.5946 11.5851
-0.7297 0.8919 4.2199
-0.7297 1.7838 3.0387
-0.9730 -2.8378 27.2973
-1.2162 -0.6486 11.9270
2.0270 2.6757 1.5113
-1.4595 -1.4595 18.0168
-2.1892 1.9459 10.1738
-0.3243 0.2432 4.8400
2.0270 1.6216 1.1980
2.5946 -0.2432 7.5749
0.3243 -0.2432 5.4887
2.7568 0.8108 4.5004
-0.1622 -1.6216 14.4668
2.5946 3.0000 3.5427
0.4054 0.0000 4.3535
0.4865 0.3243 3.0716
2.6757 2.3514 2.9313
0.1622 -0.0811 5.0329
2.9189 -1.9459 19.2527
2.7568 0.7297 4.6998
-3.0000 1.3784 16.3864
0.0811 -1.3784 12.2579
-1.5405 -2.2703 24.6896
2.9189 -2.3514 22.6165
0.5676 -0.8919 8.5500
1.4595 -1.7838 14.5281
1.9459 -2.3514 19.8291
2.4324 -2.0270 18.2688
-0.4054 -2.1081 18.8517
0.4054 -0.2432 5.3857
-1.0541 -2.1892 21.7684
-1.2162 -2.7568 27.5383
-2.1892 -1.7838 24.4879
2.2703 -2.5946 22.7239
-2.5135 -0.4054 18.1308
-2.7568 -1.1351 23.9423
0.0000 2.2703 1.0730
0.9730 0.4865 2.2915
-1.8649 0.1622 11.5851
-0.4865 2.2703 2.2827
0.8919 2.7568 0.5844
-0.0811 -2.3514 20.1030
-2.1892 -0.8108 18.0716
-0.0811 0.3243 3.9766
-2.5135 -0.4865 18.5274
-0.0811 -1.7027 14.8787
-2.9189 0.4054 17.9007
-2.0270 -2.1892 26.7122
1.1351 0.9730 1.0730
1.7027 -2.1892 18.0431
1.1351 1.0541 0.9131
0.6486 0.4054 2.6662
1.4595 1.0541 1.1059
1.8649 1.4595 1.0402
0.7297 0.7297 1.6866
0.3243 2.1892 0.4923
0.4865 1.7838 0.3104
-2.3514 -0.6486 18.2469
-1.8649 -1.2973 19.0796
-2.2703 -0.4054 16.4806
-2.1081 -2.9189 33.8561
-1.1351 -1.6216 17.6749
-2.4324 2.4324 11.9686
2.5135 1.3784 2.6771
-1.9459 -1.2162 19.0226
0.8108 -0.4865 6.2184
-1.5405 0.3243 9.2622
1.5405 -0.5676 6.8846
2.1081 0.0000 5.2279
-1.4595 -0.1622 10.7239
-2.9189 1.1351 16.1059
-0.7297 -0.0811 7.3229
-0.3243 -1.3784 13.1673
-2.9189 -1.0541 24.6852
-1.6216 -1.2973 17.7451
-2.8378 1.6216 14.8722
1.8649 1.6216 0.8912
-1.9459 2.3514 8.8020
1.2973 -3.0000 25.0884
-1.3784 2.5946 6.0102
2.5135 2.4324 2.4777
-0.1622 0.2432 4.4368
2.5135 -0.8108 10.1914
2.9189 1.4595 3.9744
1.7838 2.9189 1.4587
1.3784 2.0270 0.1439
1.7027 2.4324 0.6808
-1.2162 0.6486 6.7378
-2.7568 1.6216 14.2564
-0.4054 -3.0000 26.9752
3.0000 2.0270 4.0007
0.5676 1.5405 0.3981
-2.7568 1.2973 14.6070
-0.2432 0.0811 5.2279
2.1081 -0.5676 7.8203
0.6486 0.0811 3.8057
-2.7568 2.6757 14.5698
0.3243 -2.9189 24.6523
-0.3243 1.1351 2.5018
0.5676 -0.0811 4.5179
-1.8649 2.3514 8.3309
-0.5676 0.0000 6.4573
-0.4865 1.8649 2.2279
-1.5405 -1.0541 15.7816
0.8919 -0.4865 6.1943
1.7838 2.1892 0.6501
-0.8108 -1.6216 16.3952
0.8919 -1.5405 12.5471
0.3243 -1.6216 13.5727
-1.2162 0.4054 7.4543
1.6216 -2.1081 17.2630
-3.0000 1.7027 16.0884
0.2432 1.2973 1.0665
-2.4324 -2.1081 28.6581
-2.3514 1.2162 11.8459
-1.5405 2.7568 7.0270
0.3243 0.9730 1.5113
-1.7838 0.4865 10.0402
0.3243 -0.7297 7.9080
-2.5946 -1.6216 26.0373
-0.7297 0.2432 6.0782
2.2703 -1.1351 11.4427
1.8649 -1.5405 13.2834
1.5405 -1.7838 14.6092
-2.6757 -0.8919 21.8736
-0.9730 0.8108 5.3068
-1.7027 -0.5676 13.8970
-2.0270 1.5405 9.3740
-2.5135 0.6486 14.1709
1.8649 -1.7027 14.4580
1.2162 0.0000 4.0467
-1.2162 -1.0541 14.2389
1.3784 -0.8108 8.0438
0.8108 1.9459 0.0387
-2.8378 -2.6757 36.5909
-1.6216 -1.7027 20.5829
1.8649 2.6757 1.2045
2.5135 -0.1622 6.9657
-0.8108 -1.1351 13.1081
-0.4865 0.5676 4.2615
-2.7568 -0.8108 22.0139
-0.3243 -2.1892 19.3031
2.0270 2.0270 1.0555
-1.8649 -0.9730 17.0460
1.7027 -1.1351 10.3229
-2.3514 1.5405 11.4427
-2.0270 0.5676 11.2148
-0.8919 -1.4595 15.5471
1.2973 0.4865 2.3791
-2.6757 2.2703 13.5836
-0.2432 -0.5676 8.1381
2.0270 2.2703 1.1278
0.6486 0.7297 1.7370
-2.2703 -2.6757 32.5566
1.4595 -0.4054 5.9971
-1.8649 -1.0541 17.5347
1.7838 1.2973 1.1081
1.7027 1.9459 0.4967
0.6486 1.5405 0.3346
0.0811 -2.0270 17.0614
1.8649 1.1351 1.4960
-2.7568 1.7838 14.1600
0.1622 0.5676 2.7538
-1.7027 -2.9189 31.5004
2.1892 -1.2162 11.7582
-1.9459 -1.0541 18.0058
2.4324 -2.9189 26.2476
0.0811 -0.6486 7.8598
2.5946 1.2162 3.1570
1.5405 2.1081 0.3039
-3.0000 -0.7297 23.4514
-2.7568 -2.4324 33.7597
0.4865 -0.4054 6.0497
-1.0541 -1.0541 13.5464
-1.4595 2.9189 6.8934
1.8649 -2.5946 21.8583
0.4865 2.1892 0.2995
-2.2703 -0.5676 17.2871
-1.2973 0.9730 6.3324
-2.4324 -0.5676 18.3740
-1.9459 0.7297 10.2922
0.8919 -2.4324 19.6581
-0.3243 2.1081 1.7655
-0.0811 -2.7568 23.7955
-3.0000 2.1081 16.0117
-0.3243 0.8919 2.9817
-1.0541 2.5135 4.4828
-3.0000 -0.2432 21.0321
0.1622 1.1351 1.4500
2.1081 1.2973 1.7217
2.9189 2.1081 3.6939
1.3784 -2.5946 21.2535
-2.0270 -0.6486 16.1782
-1.9459 -0.4054 14.4646
-0.7297 -1.2162 13.3360
2.4324 1.3784 2.4383
1.3784 1.4595 0.4354
-1.4595 -2.6757 27.9109
2.3514 -1.3784 13.2396
-3.0000 -2.5135 36.3718
1.4595 1.7027 0.2995
0.7297 -0.6486 7.0884
-2.2703 -1.2162 21.0387
-0.8108 -0.0811 7.6099
0.8919 2.9189 0.8561
-0.0811 1.4595 1.4609
-2.3514 0.0000 15.2316
-1.4595 -1.6216 19.1651
0.6486 2.3514 0.2469
2.5946 0.0811 6.2250
0.2432 -1.1351 10.4018
0.4865 -2.6757 22.1256
0.6486 -1.9459 15.6939
-1.2973 -2.8378 28.6822
-1.7838 -1.9459 23.3199
-2.3514 0.6486 13.0577
1.3784 -0.7297 7.5946
-2.0270 -2.1081 26.0394
-2.5135 1.2162 12.9591
2.5946 2.2703 2.6158
0.8919 2.8378 0.7137
0.9730 0.0811 3.6830
2.0270 -2.6757 22.9167
2.5135 -1.7838 16.6077
2.1081 0.9730 2.2827
2.6757 1.9459 2.8108
-1.5405 0.1622 9.8320
-1.5405 -0.4054 12.2403
-1.9459 2.7568 9.2513
1.5405 2.7568 0.8649
2.1081 1.8649 1.2462
0.1622 -1.5405 13.2374
-1.2162 -1.4595 16.8795
1.9459 -3.0000 25.8948
-2.6757 -2.5946 34.6209
2.5946 2.4324 2.7297
1.2973 -1.7027 13.7984
0.8919 -2.6757 21.8736
0.0811 0.8919 2.0723
-1.0541 -2.8378 27.6238
2.5135 1.9459 2.2936
1.8649 -0.9730 9.5866
1.3784 -0.0811 4.4741
0.4054 -1.4595 12.3214
0.3243 1.6216 0.5997
-0.4054 -1.9459 17.5457
-1.2973 1.2973 5.7714
0.8919 2.1081 0.0234
0.4865 0.8108 1.6779
-2.1892 1.1351 10.9189
1.5405 -0.4865 6.4748
-0.4054 1.2973 2.4690
0.8108 -2.1081 16.9123
-2.8378 -2.3514 33.6633
2.3514 -0.2432 6.8583
1.9459 -0.6486 7.9102
-3.0000 1.0541 16.8948
2.7568 2.1892 3.1220
0.9730 -2.6757 21.8627
-1.8649 2.7568 8.7801
0.0000 1.7027 1.0884
1.0541 -2.1892 17.5522
-1.0541 0.3243 7.0270
1.9459 -1.8649 15.8320
2.9189 0.6486 5.5084
2.9189 1.8649 3.7005
0.0000 -2.8378 24.4047
2.1892 -2.3514 20.3484
-2.9189 2.6757 15.8145
0.0811 -2.5946 21.9547
-0.8108 2.9189 4.1234
-2.4324 2.6757 12.2381
-0.4865 -2.6757 24.0716
3.0000 0.9730 5.0548
-0.0811 0.7297 2.7823
0.6486 -2.8378 23.5281
-0.7297 -0.8108 10.8926
-1.9459 -2.4324 28.3251
2.3514 -0.6486 8.8415
2.4324 2.8378 2.7538
-1.5405 2.1081 6.4660
1.7027 2.1081 0.5055
-2.0270 2.9189 10.0073
1.8649 0.1622 4.1256
1.6216 0.8919 1.6143
1.9459 0.0811 4.5771
-0.0811 1.2973 1.6625
-0.7297 -0.4054 8.7779
1.1351 0.8108 1.4324
-0.8108 1.0541 4.1738
-0.7297 2.1892 3.0278
-0.1622 2.6757 1.8072
2.1081 2.0270 1.2286
-1.2162 -2.9189 29.1074
2.2703 2.3514 1.7370
2.0270 0.8108 2.4690
1.8649 -0.5676 7.3404
2.4324 -1.4595 14.0197
2.9189 -1.0541 13.0095
1.1351 -0.9730 8.8568
0.9730 -0.3243 5.4032
-0.9730 1.9459 3.8955
-2.9189 2.9189 16.2023
1.0541 1.2973 0.4967
-2.8378 -1.0541 24.0562
-0.7297 1.8649 3.0102
1.2973 -2.4324 19.7348
-2.0270 -2.5946 30.2732
-1.2973 0.5676 7.3294
-0.4865 2.1892 2.2454
2.6757 -2.1892 20.3572
-0.4054 2.9189 2.8196
1.3784 0.8108 1.5573
-2.0270 -1.0541 18.4901
-0.8108 -0.7297 10.7305
-0.8919 -1.3784 14.9927
-1.5405 0.5676 8.5062
2.8378 1.7027 3.4660
0.4054 -2.3514 19.2878
-2.2703 -2.2703 28.9299
-1.1351 0.0000 8.5588
2.6757 0.4865 5.0986
-2.9189 2.2703 15.4310
0.8919 1.0541 0.9065
-2.8378 2.6757 15.1855
-2.9189 -0.4865 21.5405
-2.0270 -2.5135 29.5347
0.0000 -1.0541 10.3272
-1.2973 2.9189 6.1220
0.5676 2.1081 0.1987
-2.9189 1.7027 15.4463
2.6757 1.2162 3.4222
0.0000 -0.0811 5.3309
-2.7568 -2.8378 37.5179
3.0000 0.1622 7.3776
1.0541 0.0000 4.0029
2.5946 2.6757 2.9993
0.4865 -1.2973 11.1359
0.8919 -2.3514 18.9459
2.7568 1.4595 3.3784
0.5676 -0.5676 6.7794
1.4595 -0.2432 5.2432
-0.8919 -0.4054 9.3652
2.1081 -1.2162 11.5720
-1.7027 0.7297 8.9182
0.4865 -0.8108 8.1644
-0.9730 0.9730 4.9474
-1.8649 1.1351 8.9554
0.8108 -2.6757 21.8977
-1.1351 2.5946 4.9123
0.9730 -0.4054 5.7867
-2.1081 1.7838 9.7071
-0.6486 -0.9730 11.5566
-1.2162 -1.2162 15.2557
2.2703 2.1081 1.6253
-3.0000 1.6216 16.1432
-1.7027 -1.4595 19.2725
-0.6486 -0.2432 7.7502
-1.9459 -1.1351 18.5077
0.6486 -0.8919 8.4865
-1.3784 1.7027 5.7451
2.2703 1.7027 1.7020
2.0270 -2.9189 25.2505
0.7297 -2.3514 19.0073
-0.6486 -2.9189 26.9138
0.0811 -1.4595 12.8123
-1.5405 -2.3514 25.3886
0.6486 0.1622 3.5011
0.5676 1.1351 0.9350
2.1081 -2.1892 18.7772
-2.0270 2.7568 9.7356
2.5135 0.0000 6.2907
-0.8108 -1.2162 13.6231
-1.3784 1.7838 5.7034
2.1892 0.8919 2.6421
-1.7027 -2.3514 26.2389
-2.5946 0.5676 14.9730
1.0541 -2.8378 23.4076
2.1892 -0.4054 7.2001
-3.0000 -0.1622 20.6749
1.5405 0.4865 2.5829
3.0000 2.9189 4.8444
1.9459 1.7027 0.9832
-0.7297 1.4595 3.2841
-0.8108 1.9459 3.2820
2.9189 2.5946 4.0358
0.2432 0.8919 1.8006
-1.3784 -2.2703 23.8919
2.7568 -0.2432 8.1183
0.0000 2.5135 1.2637
0.4865 1.4595 0.5559
-0.7297 -1.7027 16.7020
1.9459 -0.9730 9.7334
1.1351 1.6216 0.1614
-2.5946 1.3784 13.3075
-2.7568 2.0270 14.1140
1.0541 0.8108 1.4171
2.9189 1.2162 4.2966
0.6486 0.4865 2.4142
0.3243 -1.1351 10.2856
-0.4865 -2.1081 19.0862
-2.9189 -1.7838 29.6749
-0.9730 1.2162 4.5069
-2.3514 -2.2703 29.4668
2.8378 -0.5676 9.9701
2.8378 -2.8378 26.7823
-2.9189 -2.3514 34.2922
-0.9730 -2.1892 21.4419
-2.5135 -2.6757 34.2067
0.0000 1.6216 1.1432
-2.6757 -2.1081 30.3871
-1.2973 -1.9459 20.8481
2.9189 1.1351 4.4302
1.7838 -0.4865 6.7969
-0.6486 -1.5405 15.2535
2.9189 0.2432 6.7684
0.0811 -1.2973 11.7166
-0.4054 -0.3243 7.3776
-3.0000 0.3243 18.8079
-1.6216 2.2703 6.9459
2.1081 1.5405 1.4390
-0.5676 2.1081 2.4690
-1.6216 0.4054 9.4156
1.0541 1.9459 0.0058
-1.7838 -0.1622 12.4244
-0.5676 0.9730 3.5121
1.2973 -0.4865 6.2710
-0.2432 -0.0811 5.8766
-0.6486 1.2162 3.3324
-1.0541 1.4595 4.5113
-2.5135 2.9189 13.1892
-2.6757 0.7297 15.1242
-2.3514 -1.5405 23.7670
0.3243 0.4865 2.7473
2.1892 0.4054 3.9569
2.9189 -1.7838 17.9993
0.1622 -1.7838 15.0190
-0.4054 -2.2703 20.2104
1.7838 1.6216 0.7575
1.3784 -2.5135 20.5150
0.1622 -2.2703 18.9372
-1.3784 0.6486 7.4828
1.7027 -1.5405 13.0292
2.1081 2.5135 1.4916
0.4054 -1.6216 13.4697
2.6757 -2.7568 25.4346
-2.3514 2.0270 11.2323
2.8378 2.1892 3.4134
-2.5135 -1.2162 22.6888
2.6757 1.6216 2.9511
-2.8378 0.4865 17.0197
2.5946 0.1622 5.9204
2.2703 2.5946 1.9671
2.1892 -1.2973 12.2863
-2.1892 -2.5135 30.5427
2.3514 -0.8919 10.1892
-1.0541 1.9459 4.2221
-2.5135 -1.5405 24.8802
-1.6216 2.3514 6.9963
1.0541 -0.3243 5.4054
2.5135 -2.1081 19.1673
-1.7027 2.9189 8.1490
-0.9730 0.4865 6.1833
3.0000 1.2162 4.6143
0.4054 -0.5676 6.9459
1.2973 2.3514 0.2118
0.8108 0.3243 2.8437
0.0000 0.7297 2.6136
1.0541 0.4865 2.2936
0.0000 0.6486 2.8262
-2.6757 -2.0270 29.7275
0.4054 3.0000 1.3535
0.7297 -1.9459 15.6435
-0.3243 -1.4595 13.7217
2.3514 0.0811 5.5084
-0.1622 0.0811 5.0329
-0.8108 -0.3243 8.6815
0.8919 -1.1351 9.8408
0.5676 -0.6486 7.2023
2.1081 -2.9189 25.4237
2.7568 -0.3243 8.4887
0.0811 -2.9189 25.0402
1.2162 1.2162 0.6611
-1.0541 0.1622 7.5968
0.5676 -1.6216 13.3031
0.8108 -0.3243 5.4383
1.1351 0.3243 2.8262
-1.6216 0.7297 8.4865
-1.7027 1.4595 7.5968
2.7568 -2.5135 23.4580
2.8378 1.1351 4.1256
0.1622 -0.9730 9.5405
-2.0270 2.6757 9.6194
-2.1081 1.0541 10.5551
-0.6486 -0.8108 10.6187
2.5135 -1.8649 17.2279
0.0811 0.5676 2.8963
1.8649 0.4865 3.0387
0.8108 -2.5946 21.1461
-1.3784 -0.6486 12.6720
-0.4054 -2.4324 21.6216
2.5135 2.3514 2.4142
-1.7027 -1.8649 22.2418
2.6757 -0.7297 10.2593
1.2973 -1.9459 15.6589
2.8378 2.5946 3.7312
-0.1622 1.8649 1.3689
-1.4595 -0.3243 11.4514
1.7027 1.2973 0.9876
-0.6486 0.5676 4.7699
-1.2162 -1.2973 15.7838
1.8649 -2.8378 24.1527
3.0000 -1.1351 13.8291
1.9459 2.5946 1.2484
-2.1892 1.6216 10.3141
1.3784 1.2973 0.6370
0.8108 -2.3514 18.9701
0.7297 -2.2703 18.3083
1.1351 0.7297 1.6318
-0.4054 2.8378 2.6771
-2.2703 -2.4324 30.3411
-2.8378 2.3514 14.8524
3.0000 -0.1622 8.6749
1.6216 1.7838 0.4332
-2.3514 -1.1351 21.0606
0.8919 0.4054 2.5544
1.0541 2.3514 0.1264
2.1892 -1.6216 14.5303
2.3514 -1.4595 13.7940
1.9459 1.8649 0.9131
-0.9730 -1.0541 13.2199
-2.7568 2.9189 14.9576
-0.0811 -3.0000 26.1687
-1.2973 -1.2162 15.6216
-2.0270 0.9730 10.2177
-2.5946 2.6757 13.3776
-0.2432 2.0270 1.5464
0.0811 -0.1622 5.5194
2.2703 1.2162 2.2279
1.7838 0.3243 3.4222
-1.9459 0.8919 9.9065
-0.2432 2.1081 1.5573
0.2432 2.5135 0.8364
-1.0541 -0.6486 11.2345
-0.3243 1.7027 1.8422
0.4054 -2.9189 24.5493
2.6757 -1.4595 14.7757
-1.0541 -0.4865 10.4018
1.3784 0.8919 1.3711
1.7027 -0.6486 7.5091
-1.1351 2.5135 4.8225
-2.4324 -0.0811 16.1125
2.3514 -2.5135 22.1980
2.8378 2.6757 3.8342
2.2703 -2.3514 20.5478
0.8919 -1.2162 10.3557
0.8919 -0.0811 4.3426
2.6757 1.3784 3.1943
0.4054 -2.1081 17.2301
-1.3784 -2.5946 26.7670
-1.6216 0.5676 8.9248
-0.9730 1.0541 4.7874
-0.5676 -3.0000 27.4573
2.4324 -0.7297 9.5033
0.6486 -2.2703 18.3587
2.3514 0.7297 3.4397
1.6216 1.4595 0.6786
-2.6757 2.8378 14.2126
1.1351 -0.4865 6.2009
0.0000 -2.2703 19.2352
-1.2162 -2.1081 21.7882
-1.3784 -2.1081 22.5332
-2.5946 -2.6757 34.7831
0.1622 -2.0270 16.9189
1.7838 2.8378 1.3163
1.5405 -0.8108 8.1928
-2.5946 -0.9730 21.7597
-2.8378 -2.5135 35.1008
2.5946 1.6216 2.6859
1.6216 0.0811 4.0687
-2.3514 1.3784 11.6180
-2.6757 0.5676 15.5625
3.0000 1.2973 4.4938
-0.1622 1.6216 1.4938
1.7027 1.0541 1.3886
-2.8378 2.0270 14.7297
-1.3784 1.1351 6.4047
0.8919 -0.4054 5.7977
-0.3243 2.9189 2.5982
1.7027 0.6486 2.3199
-2.5946 2.5135 13.1848
2.3514 0.8108 3.2403
-2.8378 1.0541 15.6238
0.5676 0.4054 2.7297
-1.2973 1.5405 5.4887
1.2162 -1.8649 14.9839
-2.5135 2.4324 12.5318
-0.4865 -0.6486 9.2250
-2.4324 2.5135 12.0453
-1.0541 0.9730 5.2739
-2.0270 0.1622 12.5405
1.1351 -2.4324 19.6647
1.5405 -0.9730 9.1308
-2.0270 -1.3784 20.5763
-2.2703 -2.8378 34.0993
1.1351 2.5135 0.2820
2.3514 0.4054 4.3689
1.2973 0.3243 2.8963
2.3514 2.1081 1.8378
-0.0811 1.6216 1.3119
0.4865 2.9189 1.1081
-2.1081 -1.7838 23.9774
0.2432 -2.5946 21.6830
1.1351 2.9189 0.8627
0.3243 2.8378 1.1585
-1.7838 0.4054 10.2922
0.8108 0.1622 3.4134
2.6757 0.1622 6.1855
-2.8378 2.5946 15.0825
1.4595 0.7297 1.8247
2.7568 -0.0811 7.4171
-0.4865 -1.7838 16.5267
1.3784 0.3243 2.9511
2.3514 -1.2973 12.6983
1.4595 2.8378 0.9131
0.7297 -0.8108 7.9737
-1.7838 -0.4054 13.5354
-1.3784 0.4865 7.9474
1.3784 1.6216 0.2863
-2.1081 1.5405 9.8714
-0.0811 0.9730 2.2235
-1.1351 -1.0541 13.8860
1.3784 -0.2432 5.1753
-0.0811 -0.5676 7.7611
-1.0541 1.2973 4.7129
-1.0541 -1.9459 19.7896
0.7297 1.2973 0.5668
-2.1081 2.0270 9.6611
1.6216 -2.9189 24.5822
0.4054 -2.1892 17.9028
0.1622 1.9459 0.7049
2.2703 -1.0541 10.9408
0.0811 -2.1081 17.7210
-1.0541 2.6757 4.6757
2.0270 0.9730 2.1096
-0.4054 1.1351 2.7232
0.3243 1.0541 1.3514
-1.7027 -0.8919 15.6676
0.7297 2.9189 0.9175
2.5135 1.0541 3.1855
1.7838 2.1081 0.6260
0.1622 1.5405 0.9131
-0.8919 -1.2162 13.9233
2.0270 1.4595 1.3470
2.1892 -2.7568 24.0409
-1.4595 1.2973 6.5427
1.8649 -0.4054 6.5340
-0.9730 2.6757 4.3492
-0.8919 -1.9459 19.1497
-2.0270 1.6216 9.3061
0.8108 -1.8649 14.9730
1.4595 1.7838 0.2579
1.0541 -1.0541 9.3302
1.2973 -2.1081 16.9649
-1.3784 -0.5676 12.2491
-0.6486 -1.2973 13.5902
2.6757 1.5405 3.0190
2.9189 1.3784 4.0687
0.2432 -2.7568 23.1994
-1.8649 2.0270 8.2082
2.5946 0.5676 4.5946
-1.2162 -0.4054 10.6976
-0.5676 -0.3243 7.8598
-0.8108 0.0000 7.2790
-2.3514 0.3243 14.0394
-2.6757 -1.2162 23.8546
-1.8649 1.4595 8.4996
-1.9459 -1.9459 24.2491
-2.7568 2.1081 14.1249
1.6216 -0.7297 7.8378
-2.7568 -1.5405 26.6486
-2.1892 2.5946 10.5245
0.4054 1.5405 0.5646
-2.3514 -0.4865 17.4142
-0.3243 0.9730 2.8086
-0.6486 -2.2703 20.9533
-0.4054 1.2162 2.5895
0.7297 2.1081 0.0847
1.8649 2.9189 1.5924
2.8378 -0.4865 9.5603
-2.0270 -1.8649 24.1001
-0.0811 -1.6216 14.2849
1.4595 -0.7297 7.6625
-2.4324 1.7838 11.8283
-2.1081 -0.4054 15.4463
2.9189 -1.1351 13.5113
-1.0541 0.8108 5.6333
-2.3514 2.5135 11.4953
1.1351 -1.5405 12.5537
-0.2432 1.8649 1.5639
2.8378 -2.3514 22.3119
0.8108 -1.5405 12.5712
-2.3514 0.0811 14.9138
-1.2973 -0.3243 10.6801
0.7297 0.0000 4.0730
-2.9189 3.0000 16.3579
2.2703 -0.8919 9.9766
-0.1622 0.7297 2.9642
-0.0811 0.5676 3.2206
-1.5405 2.0270 6.4551
-0.6486 -0.4054 8.5040
1.6216 -1.7027 14.0964
0.4865 -0.8919 8.6267
0.6486 -1.8649 15.0606
-0.8108 -0.6486 10.2944
0.6486 -0.5676 6.7159
2.9189 -1.4595 15.6501
0.2432 -1.2162 10.9167
-0.4865 -2.2703 20.4449
0.7297 2.1892 0.1088
-1.1351 -0.1622 9.2337
-0.5676 -2.0270 18.6742
0.2432 0.8108 1.9869
2.1081 -2.5135 21.5997
-2.4324 -2.1892 29.3309
0.0811 -0.2432 5.8766
-0.4054 0.6486 3.8013
-0.5676 -2.2703 20.6925
0.4865 0.8919 1.4916
1.5405 -2.2703 18.5274
-1.5405 2.9189 7.2988
0.0000 2.6757 1.4565
1.7838 -1.1351 10.4434
-0.4054 0.8108 3.3893
-0.6486 1.7027 2.8064
-1.7838 -2.8378 31.1541
-2.3514 2.1081 11.2432
1.3784 -2.4324 19.7896
3.0000 -0.6486 11.0153
-2.8378 -1.4595 26.6969
2.5946 0.8919 3.7706
-2.1892 0.0811 13.8532
-1.2162 -0.1622 9.5866
2.2703 0.2432 4.6998
1.6216 -2.0270 16.6034
-1.5405 2.2703 6.5274
1.7838 -1.6216 13.7305
-3.0000 -0.8108 23.9007
-2.8378 -2.0270 30.9459
-0.5676 0.4054 5.0000
-0.6486 2.9189 3.5625
-2.6757 -0.8108 21.4112
1.8649 0.8108 2.1622
-2.3514 2.7568 11.8042
-2.1892 -1.7027 23.8809
-2.5135 -0.1622 17.0197
-1.5405 2.8378 7.1563
1.8649 1.9459 0.7509
-0.9730 -1.9459 19.4631
-1.9459 2.9189 9.5230
-2.5946 -0.3243 18.3236
2.8378 0.2432 6.4638
0.5676 -1.7027 13.8970
-1.7838 -0.3243 13.1519
2.6757 3.0000 3.8079
2.9189 0.5676 5.7341
1.9459 -1.6216 14.0110
-2.9189 2.4324 15.5449
-1.0541 -0.0811 8.5500
-1.3784 2.7568 6.2294
2.5946 0.9730 3.5975
2.4324 -0.1622 6.7268
-2.0270 -1.7027 22.8729
0.2432 -2.6757 22.4346
-0.8919 0.3243 6.3871
-1.9459 2.4324 8.8656
0.8919 1.4595 0.3039
0.4865 -1.9459 15.8342
1.2973 0.0811 3.7706
0.8919 -1.7027 13.7217
0.2432 1.1351 1.3207
-0.4054 0.8919 3.2031
-3.0000 -1.1351 25.8291
0.3243 1.8649 0.4748
-0.8108 2.7568 3.8517
-0.9730 -1.1351 13.7217
-0.1622 -1.7027 15.0606
-1.2162 -0.0811 9.2425
-2.8378 0.0000 18.7290
1.2162 1.9459 0.0497
-1.1351 2.7568 5.1315
1.6216 -1.2973 11.2586
2.1892 -1.4595 13.3820
-1.1351 0.8108 5.9730
-2.7568 1.1351 14.8612
-2.3514 1.7027 11.3199
2.9189 2.7568 4.2549
1.5405 -0.0811 4.6231
0.6486 -1.7027 13.8335
-2.1892 2.1081 10.1826
2.1081 2.1892 1.2637
0.4865 -1.4595 12.2316
-1.7838 0.1622 11.1271
1.3784 2.3514 0.2666
0.4054 2.2703 0.4266
1.1351 -0.1622 4.6932
2.3514 2.5946 2.1797
-0.6486 -0.1622 7.3930
0.6486 -2.9189 24.3192
-1.5405 -0.4865 12.6370
-2.2703 -1.5405 23.2301
2.2703 -0.3243 7.0161
-1.5405 1.3784 6.8408
-1.3784 -0.0811 9.9876
2.8378 -0.0811 7.7085
1.9459 2.4324 1.0818
0.7297 -0.8919 8.4361
1.2162 0.8108 1.4609
2.5946 -2.9189 26.7385
-0.4054 0.4865 4.2659
-2.6757 -1.7027 27.2206
-1.7838 -2.6757 29.6114
1.2162 -0.8919 8.4098
-1.7838 -2.0270 23.9664
2.2703 2.6757 2.0701
-2.5135 2.6757 12.8013
2.1081 -1.4595 13.1958
2.8378 2.1081 3.3893
0.1622 2.1081 0.7137
0.4865 -1.7027 13.9737
-1.4595 -1.5405 18.5844
-0.4054 -0.2432 7.0073
-0.8919 1.5405 3.7904
2.0270 2.5946 1.4083
2.0270 1.8649 1.0730
-0.0811 -2.1892 18.7180
-0.4054 0.5676 4.0270
1.6216 -2.2703 18.6216
-2.5135 -2.1892 29.8941
-3.0000 -0.9730 24.8386
2.3514 -2.1892 19.3755
1.0541 1.0541 0.8977
-2.7568 -1.2162 24.4573
-1.1351 -0.2432 9.5909
-0.4054 0.4054 4.5179
-0.7297 -0.1622 7.6669
2.1081 0.0811 4.9102
2.7568 0.4054 5.6289
-1.1351 0.1622 7.9364
2.8378 2.0270 3.3784
-0.4054 -1.1351 11.8042
2.1081 -2.2703 19.4631
-0.1622 -1.5405 13.8860
-2.2703 -1.9459 26.2652
1.2162 0.4865 2.3375
0.8108 3.0000 1.0358
0.1622 1.6216 0.8451
0.2432 -0.4054 6.3587
-1.8649 -2.5135 28.5793
-2.6757 0.3243 16.3185
1.9459 -2.9189 25.0906
-1.3784 1.3784 6.0431
-0.9730 -1.5405 16.4280
-2.1892 0.8108 11.5851
-1.5405 2.3514 6.5778
2.4324 -2.5135 22.4237
2.3514 -1.7027 15.5362
1.5405 2.8378 0.9942
-1.1351 2.9189 5.4032
0.6486 1.7027 0.2118
0.3243 2.6757 0.9131
-0.8108 -0.9730 12.1176
-0.2432 -1.7838 15.8627
0.9730 -1.7838 14.3178
-0.4865 -1.9459 17.7801
-0.2432 1.7027 1.6340
2.0270 2.8378 1.7568
-0.0811 1.9459 1.1717
0.3243 -2.5135 20.8283
0.8919 -2.5135 20.3835
0.0000 -1.2162 11.3440
-2.7568 1.2162 14.7275
-1.0541 2.8378 4.9211
-0.9730 -1.7027 17.6026
2.7568 -0.6486 10.1015
-0.3243 1.9459 1.7568
1.9459 0.1622 4.2725
-0.4054 -0.4865 8.1578
0.0811 1.7027 0.9328
-0.7297 0.3243 5.7999
2.1892 2.2703 1.4872
-2.1081 1.8649 9.6786
2.6757 1.7838 2.8546
2.1892 -0.2432 6.4463
1.7027 -1.7027 14.2038
-0.9730 -0.4865 10.0752
0.8108 1.6216 0.1790
1.0541 -2.4324 19.6494
-1.8649 2.2703 8.2805
-2.3514 -2.3514 30.1658
-2.5135 -0.9730 21.1833
-0.1622 -0.5676 7.9430
-2.7568 -3.0000 39.1132
-0.0811 -1.9459 16.7392
2.1081 0.8108 2.6421
-0.7297 2.5946 3.3455
1.0541 1.1351 0.7509
-2.8378 2.8378 15.4310
-2.1081 2.8378 10.3623
2.7568 -0.1622 7.7611
1.7027 -1.9459 16.0643
1.5405 2.5135 0.5559
2.3514 -0.0811 6.1570
-2.7568 -1.0541 23.4405
0.5676 -1.8649 15.1242
0.2432 2.2703 0.6457
2.1081 0.5676 3.2798
0.8108 1.5405 0.2469
-0.3243 0.0811 5.4361
2.5946 2.5946 2.8963
1.8649 -1.0541 10.0752
1.0541 -2.3514 18.9372
-0.9730 2.5946 4.2462
1.0541 -0.8919 8.3660
1.4595 -0.5676 6.8035
-2.6757 1.2162 14.1249
2.6757 -1.2162 13.1519
-0.6486 2.1892 2.7538
1.2973 -0.7297 7.5398
-0.3243 1.3784 2.1402
-0.4865 1.7838 2.2564
-0.6486 1.6216 2.8612
-0.6486 2.1081 2.7297
0.3243 -2.4324 20.1030
-1.3784 1.2973 6.1505
-1.7838 -2.4324 27.3959
2.0270 -3.0000 26.0548
-2.8378 0.0811 18.4112
-2.0270 -1.9459 24.7334
2.5946 0.2432 5.6289
-2.1892 2.9189 11.0153
-0.8919 2.9189 4.4237
1.8649 -2.1081 17.6245
1.9459 1.6216 1.0380
-0.4865 -1.0541 11.5369
0.7297 2.7568 0.6457
0.3243 3.0000 1.4565
1.4595 0.9730 1.2659
-2.7568 1.7027 14.2016
-1.2973 2.3514 5.4010
3.0000 -1.9459 19.5705
-0.8108 0.5676 5.3309
-2.7568 2.2703 14.1863
2.5135 -1.2973 13.1629
2.5135 1.7027 2.3791
2.3514 1.7838 1.8729
0.6486 1.2973 0.6172
2.1892 2.0270 1.4149
2.4324 -0.8919 10.4149
-1.1351 0.4054 7.1015
1.7838 -1.5405 13.1497
0.8919 -1.0541 9.3389
-1.6216 -1.2162 17.2169
1.3784 -0.5676 6.7356
-0.9730 -2.3514 22.8269
1.2973 0.5676 2.1402
-2.0270 1.2973 9.6567
0.5676 0.2432 3.2732
-0.6486 1.4595 3.0102
-2.1892 -2.6757 32.0329
-1.8649 -0.4054 13.9934
2.0270 1.1351 1.8028
0.6486 2.4324 0.3104
-1.2162 -2.2703 23.1468
-0.7297 -2.8378 26.3966
-2.8378 -0.6486 21.7443
-2.0270 -0.8919 17.5259
1.8649 -1.9459 16.3185
1.6216 3.0000 1.3864
-2.8378 -2.5946 35.8393
0.0811 -1.5405 13.3798
-1.4595 1.7027 6.1373
-0.4865 -0.4865 8.3923
1.9459 1.2162 1.5091
1.5405 -2.3514 19.2264
2.1892 2.9189 2.2586
0.9730 1.2162 0.6150
-2.5135 -2.8378 35.7495
-0.4054 -2.1892 19.5245
0.0811 0.6486 2.6706
0.9730 -1.7027 13.7107
-1.0541 -0.2432 9.2513
2.9189 0.3243 6.4901
0.4054 1.4595 0.6457
-1.2162 0.2432 7.9978
-1.9459 1.7027 8.7670
-1.9459 -2.5135 29.0504
0.6486 -2.7568 22.7502
-2.8378 0.1622 18.1066
-2.1081 2.1892 9.6961
-0.8919 0.4054 6.1220
-3.0000 -2.4324 35.6465
2.6757 1.0541 3.7027
1.0541 -1.7838 14.3199
-2.1081 1.6216 9.8035
0.8919 -1.6216 13.1278
0.2432 -0.8919 8.9357
-0.0811 -0.9730 10.0073
-2.1892 -1.5405 22.7064
-2.3514 0.5676 13.2834
-1.3784 -0.2432 10.6888
0.0811 0.3243 3.6523
2.4324 -0.4865 8.2345
-2.4324 0.0811 15.4638
2.5946 0.4865 4.8335
-2.7568 -2.0270 30.3302
2.9189 1.7027 3.7706
-1.5405 -2.5946 27.5646
-1.9459 -3.0000 33.6786
2.8378 0.4054 5.9204
-2.7568 -0.9730 22.9518
1.3784 0.5676 2.1950
-2.8378 -1.9459 30.2995
2.5135 -1.9459 17.8612
1.4595 2.5135 0.4748
0.0000 -2.1081 17.8766
2.5946 2.7568 3.1154
-1.2973 0.7297 6.8912
-2.9189 2.5946 15.7115
1.6216 0.2432 3.4726
0.5676 2.0270 0.1877
-1.7838 2.9189 8.5939
2.6757 2.1892 2.8437
1.5405 -2.6757 22.1541
0.1622 -1.9459 16.2725
2.8378 1.2973 3.8714
2.1081 0.6486 3.0541
1.4595 -1.8649 15.1483
1.5405 1.7838 0.3389
-0.1622 0.4054 3.8934
-0.0811 -2.2703 19.4039
0.9730 -2.3514 18.9350
1.9459 -0.8108 8.7955
0.8919 0.4865 2.3024
2.4324 -1.7838 16.3689
-0.4865 -2.1892 19.7589
0.8108 1.8649 0.0541
2.3514 -1.8649 16.7633
0.4865 -2.1892 17.8130
3.0000 -2.6757 25.8619
-1.7027 1.2973 7.7984
1.0541 -2.9189 24.1987
1.0541 -0.5676 6.5953
-3.0000 -1.9459 31.5705
2.5946 -0.1622 7.2177
-1.7838 1.3784 8.1359
-2.5946 -0.2432 17.9533
-2.6757 1.8649 13.5289
1.1351 -2.9189 24.2140
-1.3784 -2.3514 24.5909
-0.2432 0.1622 4.9233
-1.7838 1.6216 7.8926
-0.9730 1.8649 3.9109
-2.1081 -1.1351 19.4894
1.2162 0.6486 1.8729
1.3784 0.9730 1.1980
0.2432 2.1081 0.5844
0.8108 2.5135 0.2995
1.2973 -2.0270 16.3053
-2.0270 -0.7297 16.6143
0.6486 -2.4324 19.7699
-0.6486 -1.1351 12.5471
-0.8919 0.6486 5.4054
-2.1892 -1.4595 22.1388
3.0000 -2.4324 23.6465
0.8108 -2.1892 17.5851
-2.5946 2.7568 13.4938
2.4324 0.6486 3.8780
2.0270 -1.2973 11.9270
0.4865 -2.4324 19.9102
2.4324 0.3243 4.8598
-2.7568 -0.0811 18.4441
-2.4324 1.6216 11.9248
-0.4054 -1.5405 14.5106
2.5946 1.7027 2.6311
0.1622 1.2973 1.1958
-0.6486 2.3514 2.8415
1.9459 -2.4324 20.5413
1.3784 -2.1892 17.6925
-1.6216 0.9730 7.9277
-0.4054 3.0000 2.9752
-0.9730 -2.5135 24.2644
-0.8108 0.3243 6.0869
1.7027 -0.0811 4.8247
2.4324 -1.7027 15.7619
-0.4865 1.1351 2.9576
0.8919 0.6486 1.8378
1.5405 2.0270 0.2929
-1.2162 0.5676 6.9635
-0.8919 -1.7027 17.2893
-2.8378 -2.8378 38.1337
-2.1081 -2.4324 29.3068
-1.7027 -1.5405 19.8400
1.1351 0.6486 1.8444
0.4865 1.3784 0.6501
-1.6216 -1.9459 22.4434
-0.8919 0.4865 5.8700
1.7027 0.0811 4.1760
-0.7297 -2.7568 25.6187
-1.1351 2.0270 4.5595
-0.3243 2.3514 1.8773
2.4324 -1.8649 16.9890
1.5405 1.5405 0.5033
2.1081 -0.9730 10.0665
0.7297 -2.5946 21.1833
0.6486 -2.5946 21.2337
-1.3784 -2.1892 23.2060
2.1892 1.2162 2.0285
0.9730 0.9730 1.0555
1.6216 -1.7838 14.7034
-1.3784 -1.9459 21.2272
-2.6757 0.4054 16.0533
1.1351 -2.5135 20.3901
-2.5135 -2.5135 32.7166
2.2703 0.7297 3.2272
2.6757 -1.8649 17.7451
-2.1892 -0.5676 16.7633
1.4595 -0.4865 6.3937
-2.6757 -0.9730 22.3492
0.9730 2.8378 0.7027
0.7297 1.3784 0.4595
0.8919 0.8919 1.2396
0.2432 -3.0000 25.5727
0.1622 2.7568 1.2747
-2.8378 0.8919 15.9569
1.5405 1.2162 0.9065
-0.9730 -1.7838 18.2096
0.0000 -0.1622 5.6749
0.7297 -1.0541 9.4003
1.7027 0.2432 3.5800
-1.3784 -3.0000 30.6567
-2.7568 -0.3243 19.5157
0.2432 -1.7027 14.2827
0.3243 0.4054 2.9993
-0.1622 0.9730 2.4054
2.1892 2.4324 1.6012
-0.9730 -0.1622 8.5676
-0.2432 2.4324 1.7327
-1.8649 0.5676 10.2593
1.7838 0.9730 1.6691
1.1351 0.4865 2.3090
1.2162 1.4595 0.3389
0.7297 -0.5676 6.6654
2.2703 -0.7297 9.0650
-2.0270 2.8378 9.8649
0.2432 2.8378 1.2747
-2.4324 0.0000 15.7816
1.2973 -2.8378 23.4931
2.5135 -0.5676 8.8831
-2.4324 2.1081 11.7933
0.5676 2.2703 0.2600
2.9189 -2.2703 21.9175
2.3514 0.3243 4.6340
0.4865 -2.3514 19.1980
1.5405 0.0000 4.2922
2.3514 0.4865 4.1169
-2.0270 2.5946 9.5164
-0.4054 -1.7027 15.6852
1.0541 -2.7568 22.6297
-0.0811 0.1622 4.5464
-0.0811 -0.4054 6.9547
-1.9459 0.0000 12.6786
1.9459 -0.5676 7.4872
-0.8919 2.5946 3.9328
-0.2432 -0.9730 10.3842
-2.9189 0.2432 18.4441
-1.3784 -0.1622 10.3316
2.5946 -1.5405 15.0782
0.8919 0.0000 4.0117
-0.3243 1.4595 2.0460
-0.2432 -3.0000 26.5457
1.5405 -2.5135 20.6640
1.8649 -1.4595 12.7159
-2.2703 0.3243 13.5026
-3.0000 -1.7027 29.7100
1.7027 -1.8649 15.4310
-0.4865 2.4324 2.3966
-0.1622 -0.9730 10.1892
-2.6757 -2.9189 37.7064
-1.8649 -1.4595 20.1753
2.2703 1.9459 1.6165
-0.7297 -0.7297 10.4434
2.3514 1.0541 2.7210
-1.4595 2.1081 6.0606
2.9189 -1.3784 15.0957
2.5946 2.0270 2.5435
1.1351 1.2162 0.6326
0.4865 -1.7838 14.5807
-0.4054 -1.8649 16.9123
-0.3243 -1.7838 16.0709
-0.8108 0.0811 6.9613
2.0270 -0.3243 6.4573
0.4054 2.5135 0.6172
0.0811 2.3514 0.9679
-0.5676 1.2162 3.0716
2.5946 -1.4595 14.5106
-2.5946 -2.5135 33.2929
-1.7838 -2.7568 30.3762
-1.0541 -0.1622 8.8941
-2.9189 -0.9730 24.1965
0.6486 -0.6486 7.1388
-0.6486 -2.0270 18.9350
0.4054 2.9189 1.1980
1.9459 0.5676 2.9467
-0.7297 2.1081 3.0037
-1.3784 2.4324 5.8437
0.2432 -2.0270 16.7896
-0.2432 -1.0541 10.8729
-0.5676 -0.0811 6.7882
0.0000 -0.3243 6.4025
0.1622 -2.1892 18.2513
2.8378 -2.7568 26.0044
1.2973 -0.2432 5.1205
0.3243 2.5135 0.7202
-2.6757 1.3784 13.8970
0.4054 -1.9459 15.9240
0.8108 2.1081 0.0475
-0.8108 0.4865 5.5698
1.2973 0.7297 1.7020
1.3784 1.5405 0.3543
2.6757 -0.1622 7.4828
-1.7838 0.5676 9.8013
0.6486 -0.7297 7.5749
1.4595 0.5676 2.2630
3.0000 -1.5405 16.5354
2.3514 1.4595 2.1183
-0.8919 -0.4865 9.7619
3.0000 -0.8919 12.3630
-0.1622 2.1892 1.3864
3.0000 1.3784 4.3864
-2.8378 0.2432 17.8152
1.8649 -1.7838 15.0650
1.4595 1.5405 0.4222
-1.7838 -1.7838 22.0665
-2.1081 2.9189 10.5047
2.8378 2.5135 3.6413
-2.1892 2.6757 10.6275
1.8649 1.0541 1.6428
0.8108 2.6757 0.4923
2.2703 3.0000 2.6136
-2.3514 -0.8919 19.5946
-2.8378 -0.2432 19.7611
2.4324 -0.5676 8.6443
-2.1081 -2.8378 33.0650
-0.4054 1.9459 1.9781
-2.3514 -2.5946 32.3419
-2.1892 0.2432 13.2571
0.6486 -0.4865 6.3061
-2.1892 2.0270 10.1717
-3.0000 0.1622 19.3776
-0.4865 -2.7568 24.8364
-0.9730 1.3784 4.2790
-0.9730 -1.8649 18.8298
1.8649 -1.1351 10.5771
1.3784 -1.2973 11.0153
2.5946 2.8378 3.2447
2.3514 2.6757 2.2827
0.5676 -1.2162 10.5310
1.1351 -1.0541 9.3455
-1.9459 -1.6216 21.7947
1.6216 -0.8919 8.7495
0.0000 2.0270 1.0007
-0.5676 1.9459 2.4602
1.2162 -2.3514 18.9810
0.4865 0.9730 1.3185
1.6216 -1.9459 15.9569
1.2973 1.7027 0.1768
-1.5405 0.8108 7.8685
-0.7297 2.4324 3.1790
-0.6486 -2.8378 26.1227
-3.0000 -0.8919 24.3630
2.1081 -1.6216 14.3440
-1.9459 1.3784 9.0650
-2.1892 2.8378 10.8729
1.4595 -2.1081 17.0877
1.4595 -0.6486 7.2264
-0.9730 -0.2432 8.9248
-0.8919 0.0000 7.5793
-0.2432 0.8108 2.9598
1.0541 0.0811 3.6852
-2.4324 1.5405 11.9927
-0.4865 0.3243 5.0175
-0.8108 -1.5405 15.8145
-1.3784 1.8649 5.6749
1.9459 -1.5405 13.4302
-2.3514 -1.9459 26.8020
-0.1622 2.8378 2.0526
-3.0000 0.9730 17.0548
-2.9189 1.2973 15.8517
-0.8108 3.0000 4.2790
0.4865 -0.4865 6.4463
-2.4324 1.7027 11.8700
0.1622 1.4595 0.9942
2.4324 -0.9730 10.8904
0.0811 2.5135 1.1081
-2.6757 1.4595 13.8028
-2.2703 0.4865 12.9854
0.1622 0.2432 3.7882
2.1892 -1.3784 12.8276
1.0541 -1.6216 13.1191
0.0811 1.0541 1.7392
-0.3243 -2.6757 23.6158
-0.3243 -0.2432 6.7860
0.4865 0.2432 3.3499
-0.4054 -2.6757 23.8371
-0.4865 -0.7297 9.6611
-0.8108 -2.1081 20.1556
-0.8919 1.0541 4.4741
-1.2162 -1.3784 16.3251
-1.6216 0.4865 9.1636
-1.7838 -2.5946 28.8598
-0.4054 0.0000 5.9752
-3.0000 -0.6486 23.0153
-0.4865 0.0000 6.2096
-0.3243 -0.4865 7.9364
2.1892 0.3243 4.2221
-1.7838 1.5405 7.9606
-0.2432 -2.7568 24.1724
2.4324 -2.2703 20.2871
-1.2162 -1.7027 18.6216
-2.8378 0.6486 16.5551
-2.6757 -1.4595 25.4785
2.2703 -1.5405 14.1490
-1.8649 -2.3514 27.1417
0.9730 -1.1351 9.8298
-1.7027 -0.7297 14.7560
-2.0270 -0.9730 18.0015
-2.5946 2.9189 13.7655
-1.2973 -2.2703 23.5128
2.8378 -1.3784 14.7911
-1.6216 -1.3784 18.2863
-0.5676 0.3243 5.2652
0.9730 1.5405 0.2118
-1.6216 -2.3514 25.8072
2.1081 -2.4324 20.8744
0.9730 1.0541 0.8955
2.3514 -0.4054 7.6121
-0.5676 -0.8108 10.3579
2.3514 -0.3243 7.2286
-0.1622 1.2162 1.9649
0.8919 2.4324 0.1987
2.8378 1.2162 3.9920
1.0541 -0.2432 5.0351
0.9730 2.6757 0.4573
2.0270 -1.7838 15.3718
-0.5676 2.8378 3.1592
-0.1622 1.1351 2.0986
0.8919 1.7027 0.1001
0.0811 2.1892 0.8802
-2.9189 1.7838 15.4047
-0.5676 -0.5676 9.0497
-0.8108 -1.0541 12.6063
-0.5676 2.1892 2.4931
0.3243 -0.0811 4.7874
0.8108 -2.0270 16.2527
-0.5676 2.3514 2.5807
0.3243 -2.1892 18.0058
1.8649 2.3514 0.8714
-0.1622 2.0270 1.3514
1.1351 -2.0270 16.2352
-0.5676 -1.0541 11.7845
-0.5676 1.0541 3.3521
1.6216 -0.2432 5.4186
-1.3784 -1.2973 16.5289
-2.9189 -1.8649 30.2951
1.9459 2.1892 0.9306
-0.7297 -2.2703 21.2272
0.6486 2.1892 0.1592
0.4054 1.6216 0.4967
0.7297 1.5405 0.2841
1.4595 -0.3243 5.6136
2.0270 -2.3514 19.9890
-0.6486 0.4865 5.0088
-1.7027 -1.3784 18.7180
-2.5946 0.0000 16.9211
-0.3243 -2.1081 18.6304
2.3514 2.8378 2.5281
-0.4865 -1.5405 14.7451
-0.7297 1.1351 3.7400
-1.1351 0.2432 7.6450
1.3784 -1.0541 9.4704
-1.2973 0.3243 8.0855
0.8919 -0.6486 7.0270
1.1351 2.5946 0.3718
0.3243 -3.0000 25.4565
-1.8649 2.9189 9.0519
2.5135 -0.4865 8.4733
2.7568 1.7838 3.1329
-1.0541 3.0000 5.2191
1.7027 0.4054 3.0365
-1.4595 1.3784 6.4354
-1.8649 0.7297 9.8210
-0.7297 -1.5405 15.5274
1.9459 -2.1892 18.4441
-0.4865 3.0000 3.2096
-0.1622 2.3514 1.4741
-1.1351 0.6486 6.3850
-0.7297 -3.0000 27.9920
0.1622 -2.8378 24.1066
2.0270 0.4865 3.3455
1.8649 2.8378 1.4500
0.0811 -0.3243 6.2469
0.1622 2.2703 0.7750
-0.9730 3.0000 4.8926
3.0000 0.3243 6.8079
-2.5135 0.0811 16.0270
-1.6216 2.0270 6.8736
-1.5405 2.6757 6.9109
1.2973 1.2973 0.5822
0.0000 0.9730 2.0548
-1.2973 2.2703 5.3506
-1.2973 0.2432 8.3638
-1.0541 -1.5405 16.7546
-2.7568 2.3514 14.2367
-0.4865 -0.8108 10.1103
2.6757 -1.6216 15.9240
2.9189 -1.5405 16.2177
-2.4324 -2.3514 30.7159
0.8108 1.1351 0.7838
-1.3784 0.9730 6.7115
1.5405 1.2973 0.7860
2.9189 2.8378 4.3842
-1.0541 1.1351 4.9671
3.0000 -1.7027 17.7100
2.1892 -2.5135 21.7860
1.7838 0.7297 2.2279
2.3514 1.2973 2.3199
1.8649 0.2432 3.8342
-0.4865 2.5946 2.5632
1.7027 2.6757 0.9503
-0.3243 1.6216 1.8970
1.6216 -0.4054 6.1724
-1.8649 -0.8108 16.1081
2.3514 2.2703 1.8992
0.4865 1.1351 1.0117
-1.7027 1.7838 7.3514
0.0811 -1.7838 15.1614
0.2432 0.0811 4.2549
-2.8378 -2.9189 38.9248
-0.4054 -2.7568 24.6019
-2.1892 0.9730 11.2257
0.0000 2.1081 1.0117
-2.5946 3.0000 13.9211
3.0000 -2.0270 20.2169
2.1892 1.0541 2.3090
1.0541 1.5405 0.2140
-0.7297 0.1622 6.3696
0.7297 0.2432 3.1592
0.9730 -3.0000 25.0007
2.7568 2.6757 3.5427
2.9189 2.9189 4.5267
1.8649 -3.0000 25.7480
-2.6757 -2.5135 33.8824
-2.1892 0.3243 12.9788
-0.4054 2.0270 1.9759
0.5676 -1.9459 15.7575
-2.2703 2.4324 10.8817
0.1622 -0.8919 9.0650
-2.3514 -2.1892 28.7809
-2.3514 2.9189 12.0760
-0.4054 -1.0541 11.3024
0.1622 2.3514 0.8254
0.4865 -0.9730 9.1023
0.5676 1.2162 0.8013
0.5676 0.4865 2.4777
-0.9730 -2.5946 25.0029
-0.2432 1.9459 1.5486
0.6486 -0.4054 5.9094
-2.8378 2.5135 14.9927
-0.8919 -1.6216 16.6954
1.4595 -1.2973 11.0833
1.9459 -1.1351 10.7239
2.5946 2.9189 3.3871
0.9730 -2.5946 21.1110
2.4324 0.1622 5.4295
2.5946 1.5405 2.7538
2.5135 1.4595 2.5829
1.1351 1.5405 0.2294
-1.7027 -0.3243 12.7071
2.1892 1.7838 1.4609
0.5676 -1.5405 12.7224
2.2703 -1.8649 16.5508
1.1351 1.3784 0.4047
2.4324 -1.9459 17.6224
-2.4324 1.2973 12.2754
1.9459 1.9459 0.8977
-0.5676 0.4865 4.7480
-1.4595 0.2432 9.1351
-0.2432 -2.5946 22.6560
-2.8378 1.4595 15.0212
0.8919 0.0811 3.6939
2.5135 2.1892 2.3265
-0.0811 2.3514 1.2922
2.9189 0.7297 5.2958
-1.2162 1.7838 4.9584
-0.7297 0.4054 5.5347
-0.0811 1.3784 1.5551
1.3784 -0.3243 5.5457
0.6486 -3.0000 25.1234
-2.2703 -1.7838 25.0117
2.5135 -0.9730 11.1293
1.7838 -0.7297 8.0657
0.2432 2.5946 0.9262
1.9459 -2.1081 17.7714
2.1081 0.8919 2.4558
0.8919 1.7838 0.0584
-2.5946 1.1351 13.6691
0.5676 1.6216 0.3302
-2.5135 -0.8108 20.2454
-1.6216 -0.5676 13.4653
2.3514 -1.7838 16.1432
-1.3784 2.9189 6.5011
1.7027 1.5405 0.7049
2.1892 -0.3243 6.8167
0.3243 -2.8378 23.8612
2.5135 -2.1892 19.8400
-2.9189 0.3243 18.1658
-2.5946 0.0811 16.6034
-2.5946 -2.7568 35.5478
-0.2432 1.4595 1.8378
-2.5135 0.1622 15.7224
0.0000 1.5405 1.2111
2.2703 -1.6216 14.7297
-0.1622 -0.4865 7.5332
-1.4595 -0.5676 12.6413
2.0270 3.0000 2.0548
0.5676 -0.4054 5.9730
-2.2703 1.6216 10.8378
1.5405 2.3514 0.4156
1.3784 -0.4865 6.3258
0.5676 -1.0541 9.5142
2.7568 -1.2162 13.4302
-0.9730 2.2703 3.9657
2.5135 0.1622 5.6684
0.0000 -2.5135 21.3718
-1.1351 3.0000 5.5588
0.4054 -0.6486 7.3689
-1.2162 -0.3243 10.3141
2.5135 1.8649 2.3090
-2.8378 -2.7568 37.3557
-0.9730 0.5676 5.9445
3.0000 -0.7297 11.4514
0.2432 -1.9459 16.1432
0.3243 -1.8649 15.3937
0.2432 0.3243 3.3806
2.0270 0.8919 2.2827
1.2973 0.8919 1.3163
-2.5135 -2.9189 36.5405
-0.8108 0.2432 6.3652
-0.5676 0.6486 4.2834
-1.9459 -0.8919 17.0416
-1.5405 -1.6216 19.5705
2.9189 -2.4324 23.3287
0.0811 -2.4324 20.4909
-2.5135 -2.2703 30.5800
1.5405 3.0000 1.2922
1.7027 -0.7297 7.9452
-1.9459 3.0000 9.6786
0.0811 1.7838 0.8912
2.0270 0.0811 4.7370
1.6216 -0.8108 8.2871
-2.9189 2.3514 15.4814
-1.4595 -2.3514 24.9832
-2.1081 0.2432 12.7465
0.7297 -2.0270 16.2900
-0.4054 1.7838 2.0219
0.4054 1.7027 0.4419
1.2973 -1.4595 12.0562
-2.5135 -2.0270 28.5617
2.6757 0.9730 3.8627
2.7568 -1.9459 18.6567
0.8919 0.9730 1.0665
-2.2703 -0.7297 18.1461
-2.1892 2.2703 10.2440
-1.2973 -2.5946 26.3879
-1.3784 -2.8378 29.0614
1.4595 2.7568 0.7838
-0.6486 -0.7297 10.1695
-2.9189 2.1081 15.3696
1.2162 -0.8108 7.9474
-2.1892 2.7568 10.7436
-0.8919 1.6216 3.7224
1.6216 1.0541 1.2812
0.7297 -2.1081 16.9496
-1.2973 -0.1622 9.9525
-1.2162 -2.5946 26.0219
-1.6216 0.2432 9.9591
-1.8649 -2.1892 25.7568
-0.8108 0.6486 5.1052
0.4865 2.2703 0.3367
1.2973 -1.1351 9.9175
-0.6486 0.2432 5.8042
-2.6757 0.0000 17.5106
-2.9189 0.5676 17.4098
-2.1892 -1.8649 25.1081
-0.6486 1.2973 3.2118
0.1622 2.8378 1.4039
2.7568 2.2703 3.1592
-2.6757 1.6216 13.6538
-1.6216 -2.7568 29.4996
1.7838 -0.4054 6.4003
-1.7027 -0.0811 11.6355
0.4054 -2.5135 20.7253
1.3784 -1.7838 14.4602
-0.4054 2.3514 2.0986
-2.1892 -2.1081 27.0475
0.0811 1.1351 1.5924
0.1622 -2.3514 19.6362
-0.1622 -1.0541 10.6779
-2.9189 -1.3784 26.7714
-0.1622 2.5946 1.7042
-2.3514 1.1351 11.9795
1.1351 -0.8919 8.3813
-1.8649 -2.7568 30.8342
0.4054 0.0811 4.0358
1.6216 -2.3514 19.3207
1.7838 1.4595 0.9065
-0.4865 -1.8649 17.1468
1.7838 -0.9730 9.4529
-1.9459 1.2162 9.2929
-0.4865 -2.0270 18.4266
0.3243 -2.5946 21.5668
-0.6486 -2.4324 22.3645
2.9189 -1.7027 17.3923
1.7027 1.4595 0.7860
1.0541 0.9730 1.0577
0.5676 1.7838 0.2337
1.3784 0.6486 1.9693
-2.6757 0.4865 15.8013
2.0270 -2.1892 18.6041
2.7568 -1.6216 16.2023
-1.2973 -0.6486 12.2929
-1.5405 -2.9189 30.6501
2.5946 1.8649 2.5610
-1.2162 0.8108 6.3258
-0.8108 -2.5135 23.6508
2.6757 -1.0541 12.1351
0.3243 -0.4054 6.2425
-1.7838 0.6486 9.5756
0.5676 -2.5946 21.2973
-0.5676 2.4324 2.6443
-1.9459 -1.8649 23.6158
-2.1081 0.8108 11.0745
-2.1081 -2.2703 27.8955
-0.4865 0.6486 4.0358
-1.3784 -1.5405 18.1921
-1.5405 -0.1622 11.1293
0.2432 0.9730 1.6275
-0.9730 -0.5676 10.4850
0.4054 -1.1351 10.1826
1.1351 -0.6486 7.0336
-1.7838 1.8649 7.7677
-2.6757 -1.3784 24.9240
-0.1622 -1.8649 16.2878
2.2703 -2.8378 25.0183
-1.0541 -1.3784 15.6326
2.2703 -1.9459 17.1841
-2.6757 -2.7568 36.1373
-1.6216 1.5405 7.0840
1.7838 2.6757 1.0709
1.6216 0.8108 1.8006
-1.6216 -2.1081 23.7495
1.2973 -2.5946 21.1987
-1.2973 2.4324 5.4646
-1.5405 -1.2162 16.7984
-2.8378 -0.7297 22.1804
-1.2162 0.0000 8.9116
-0.1622 -0.3243 6.7531
2.9189 1.7838 3.7290
-0.3243 -2.9189 25.9496
1.0541 2.9189 0.8473
2.5135 -2.8378 25.6954
2.4324 0.4054 4.5946
0.4865 -2.1081 17.1402
1.2162 2.5135 0.3104
-2.6757 -0.1622 18.1855
2.7568 1.1351 3.8342
0.6486 2.6757 0.5800
0.6486 1.7838 0.1702
1.1351 2.2703 0.0913
2.8378 1.5405 3.5888
-2.2703 -1.4595 22.6625
-2.8378 2.7568 15.3017
2.7568 0.6486 4.9123
0.0000 -2.0270 17.2169
2.3514 -1.1351 11.6552
-2.0270 -2.2703 27.3981
1.1351 2.1892 0.0541
-0.6486 2.4324 2.9050
0.9730 -0.8108 7.9014
2.0270 -1.6216 14.1709
0.5676 -2.5135 20.5588
-2.4324 -1.6216 24.8977
-2.3514 -0.4054 17.0175
1.2973 2.1081 0.1001
0.6486 -1.0541 9.4507
2.9189 -0.4054 9.4682
1.2973 1.2162 0.7027
0.0811 1.8649 0.8627
-0.7297 -2.0270 19.2089
1.2162 -0.0811 4.3776
-1.6216 -1.8649 21.8101
-0.2432 -2.1892 19.0950
2.1892 -0.0811 5.7451
0.8919 1.2162 0.6260
-2.2703 3.0000 11.6947
-1.7027 -2.1892 24.8539
1.7027 -2.5946 21.6041
-0.8108 1.5405 3.4901
-2.5946 -1.3784 24.3346
0.1622 -0.3243 6.1045
0.0000 1.2162 1.6143
1.7838 1.0541 1.5091
0.5676 -1.2973 11.0592
-0.7297 2.2703 3.0650
0.8108 -0.2432 5.0679
-2.0270 0.0000 13.1629
-2.3514 -2.7568 33.8583
-0.0811 -2.5946 22.2790
0.4054 0.2432 3.4397
0.4054 -0.9730 9.1921
-2.5946 1.4595 13.2133
-2.7568 0.3243 16.9211
-1.9459 1.6216 8.8218
-1.8649 0.0811 11.8897
1.0541 -1.9459 15.5734
2.6757 -0.8108 10.7085
-0.3243 0.8108 3.1680
-1.9459 -2.9189 32.8744
3.0000 0.4054 6.5427
0.4865 -2.5946 21.3740
-0.4865 0.8108 3.6238
-1.5405 0.6486 8.2805
-1.8649 1.5405 8.4186
0.0000 -1.1351 10.8291
-1.1351 2.4324 4.7458
1.4595 -1.7027 13.9211
1.2162 2.5946 0.4003
1.9459 3.0000 1.8948
-0.3243 1.5405 1.9649
-0.6486 2.6757 3.1746
-1.9459 -2.8378 32.0833
-1.1351 -1.1351 14.3879
2.0270 -1.3784 12.4682
-0.5676 1.5405 2.6684
1.7027 -0.9730 9.3324
-0.0811 -2.1081 18.0453
2.0270 -1.7027 14.7648
2.4324 0.2432 5.1381
-0.7297 -2.6757 24.8539
1.9459 -1.9459 16.4653
-0.5676 -2.1081 19.3338
2.9189 0.8919 4.9102
-1.5405 -2.1081 23.3309
2.5946 1.4595 2.8349
0.0811 3.0000 1.8444
-0.7297 1.2973 3.4858
-2.1081 -0.5676 16.2527
-0.8919 -3.0000 28.5793
-0.8919 2.3514 3.7027
-1.3784 0.4054 8.1994
1.8649 0.5676 2.7999
-2.7568 0.8919 15.3411
3.0000 1.7027 4.0884
2.9189 1.6216 3.8254
3.0000 -1.2162 14.3440
-1.7027 0.0811 10.9869
-0.8108 -1.7027 16.9890
2.1892 2.5946 1.7677
0.2432 -2.1081 17.4492
-1.2162 -1.6216 18.0278
2.0270 -1.2162 11.3988
2.7568 3.0000 4.0862
-2.7568 1.9459 14.1161
0.6486 1.6216 0.2666
0.9730 -1.8649 14.9379
2.5946 -2.5135 22.9145
1.4595 1.3784 0.5975
1.8649 -2.9189 24.9438
-2.8378 -1.3784 26.1424
2.2703 -1.7027 15.3236
0.8919 -0.8108 7.9123
0.7297 -1.2973 10.9452
-0.0811 -0.1622 5.8437
-1.9459 1.5405 8.8897
2.0270 -1.8649 15.9920
0.4054 0.4054 2.8963
2.9189 -0.8108 11.5829
-0.5676 -1.7838 16.7743
0.8108 0.8108 1.4500
-3.0000 -1.0541 25.3272
2.4324 1.7027 2.1402
-1.7838 2.3514 7.8729
-1.7027 -0.6486 14.3199
2.8378 1.0541 4.2725
2.8378 0.5676 5.4295
-1.3784 1.6216 5.7999
2.0270 -1.9459 16.6253
0.2432 -0.0811 4.9036
-1.3784 -0.3243 11.0592
-2.9189 -0.7297 22.8093
1.8649 -0.8919 9.1110
-1.6216 1.7838 6.9196
1.1351 0.1622 3.3959
-3.0000 1.8649 16.0183
-2.3514 -0.0811 15.5625
-0.2432 -1.4595 13.5135
-2.2703 -1.7027 24.4047
0.0811 -2.3514 19.7787
2.0270 -0.1622 5.7297
1.9459 -1.0541 10.2221
0.0811 -2.1892 18.3937
1.5405 2.5946 0.6457
-2.7568 -1.2973 24.9854
-2.5135 -1.4595 24.3126
-0.6486 -2.6757 24.5800
2.0270 -2.2703 19.2900
0.4054 2.6757 0.8101
1.1351 1.1351 0.7663
-0.4865 1.7027 2.2980
-1.8649 1.7838 8.2542
-1.2973 -0.0811 9.6085
-2.2703 2.8378 11.3966
0.1622 -2.1081 17.5785
-0.3243 -1.2162 12.0979
1.4595 -0.8919 8.5741
0.8919 1.8649 0.0299
-2.3514 2.6757 11.6881
0.8919 -0.8919 8.3747
0.8919 1.5405 0.2228
1.8649 0.9730 1.8028
0.7297 -0.3243 5.4755
-0.2432 1.6216 1.6888
-1.0541 -2.1081 21.0957
1.6216 1.2162 1.0007
-0.0811 0.6486 2.9949
-1.3784 0.8919 6.8846
-0.6486 0.0811 6.4003
-2.1892 -2.3514 29.1052
2.3514 -2.2703 20.0614
2.5135 2.1081 2.3024
1.2162 2.1892 0.0825
0.7297 2.6757 0.5296
-2.2703 -2.7568 33.3214
-1.2973 -1.5405 17.8130
-2.7568 0.0811 17.7955
0.4865 -1.6216 13.3798
0.6486 0.2432 3.2096
-1.6216 1.7027 6.9613
1.7027 -2.7568 23.1205
-0.3243 -2.2703 19.9890
-0.7297 -1.9459 18.5625
-1.7838 -0.7297 15.2009
0.0000 2.1892 1.0358
-0.7297 -1.3784 14.4054
3.0000 0.4865 6.2907
2.4324 1.5405 2.2630
1.7027 3.0000 1.4938
-2.4324 1.8649 11.7999
-2.6757 2.9189 14.3550
1.7838 -1.9459 16.1848
-2.5946 -1.2973 23.7933
0.1622 0.0811 4.3842
1.3784 0.1622 3.5208
0.2432 -0.8108 8.4733
-2.1081 -2.0270 25.8773
1.8649 -1.3784 12.1614
1.6216 2.2703 0.4595
-1.7838 -0.9730 16.5880
1.2973 -1.3784 11.5018
1.2973 -0.3243 5.4909
2.1892 0.1622 4.7918
0.2432 2.4324 0.7597
-1.3784 0.1622 9.0343
0.1622 -2.9189 24.8977
1.9459 -2.2703 19.1300
-1.2973 -1.0541 14.6048
2.3514 2.1892 1.8619
0.4054 1.2162 0.9679
1.7027 -1.6216 13.6099
-0.8919 -2.0270 19.7962
-1.2973 -0.9730 14.1161
-0.1622 -2.0270 17.5676
0.2432 3.0000 1.5727
1.2162 -0.7297 7.4982
1.2973 -0.1622 4.7633
-2.1892 -0.0811 14.5018
-1.6216 -2.1892 24.4222
1.7838 -0.8108 8.5150
-1.7027 -2.8378 30.7093
-3.0000 2.9189 16.8444
2.3514 0.2432 4.9123
-0.0811 -0.6486 8.1841
-1.7838 1.1351 8.4974
-0.4865 -3.0000 27.2096
0.1622 -1.7027 14.4120
-0.8108 0.1622 6.6567
1.7027 0.7297 2.1074
-0.8108 -2.4324 22.9255
0.8919 -2.8378 23.4164
1.3784 2.9189 0.9876
2.8378 -1.4595 15.3455
0.0000 -0.7297 8.4514
-2.7568 -1.7838 28.4302
2.9189 -1.8649 18.6194
-1.6216 1.8649 6.8912
-1.9459 2.1892 8.7144
2.3514 3.0000 2.8262
1.8649 -0.0811 5.0789
0.2432 -1.7838 14.8897
1.2162 -2.0270 16.2637
-0.3243 -0.3243 7.1563
0.8919 0.8108 1.4259
0.3243 0.2432 3.5427
0.9730 -1.2973 10.8729
-1.8649 -1.9459 23.7779
-1.4595 -2.0270 22.2659
-1.5405 -0.7297 13.9058
-1.9459 1.1351 9.4266
0.2432 -0.7297 8.0241
2.1892 -0.4865 7.5968
-2.3514 2.2703 11.3046
1.3784 0.0811 3.8254
-1.6216 0.8108 8.2871
-0.1622 1.9459 1.3535
2.7568 1.5405 3.2973
1.5405 -0.4054 6.0782
-0.8919 0.8108 4.9934
1.7838 -2.3514 19.5486
-1.8649 0.6486 10.0336
1.2973 -2.1892 17.6377
2.2703 1.1351 2.3616
0.5676 -2.3514 19.1213
-1.0541 1.6216 4.3623
-2.8378 0.8108 16.1432
2.3514 0.1622 5.2038
0.1622 0.7297 2.3156
-2.6757 -1.0541 22.8378
-1.4595 -1.7027 19.7589
-2.3514 -0.7297 18.6830
-2.0270 -0.4865 15.3455
-2.5135 -1.1351 22.1738
-1.7027 0.1622 10.6822
-0.4865 -0.3243 7.6121
0.9730 -0.4865 6.1833
-1.3784 0.0811 9.3389
-2.5135 -2.4324 31.9912
-0.2432 -1.1351 11.3747
3.0000 -2.3514 22.9343
2.4324 1.1351 2.7999
1.9459 2.6757 1.3514
-0.8108 -0.2432 8.3112
-2.5135 0.0000 16.3448
2.5946 0.8108 3.9569
-2.1892 0.1622 13.5486
-0.1622 -2.1081 18.2272
1.7838 -2.7568 23.2411
-2.6757 0.8108 14.9248
-2.9189 -2.7568 37.9847
-0.5676 -0.4865 8.6399
2.1081 -0.7297 8.6793
2.8378 1.3784 3.7641
1.8649 0.7297 2.3616
-0.3243 1.0541 2.6486
0.8919 2.5946 0.3652
-0.8919 2.1081 3.5909
-2.9189 -0.5676 21.9503
2.0270 2.9189 1.8992
-0.3243 1.7838 1.8006
-0.8108 2.6757 3.7356
2.3514 2.3514 1.9496
0.6486 -2.3514 19.0577
-3.0000 1.9459 16.0029
-0.1622 2.5135 1.6143
2.8378 0.3243 6.1855
-2.3514 1.7838 11.2783
0.9730 -1.5405 12.5362
-2.3514 -2.8378 34.6362
0.5676 0.6486 2.0131
-2.1081 -2.7568 32.2871
-0.7297 2.0270 2.9927
1.7838 -2.4324 20.2608
-2.5946 0.8919 14.1490
2.0270 -0.9730 9.8934
-0.9730 -1.4595 15.8605
-2.5135 -1.8649 27.2820
-2.9189 -0.6486 22.3733
2.7568 2.4324 3.2732
2.9189 1.0541 4.5771
2.1081 2.4324 1.4149
-1.6216 1.2973 7.3667
1.4595 -1.0541 9.5383
2.4324 1.2973 2.5457
0.3243 0.8919 1.6844
-1.4595 0.8108 7.4631
0.3243 -0.6486 7.4719
-0.0811 -0.8919 9.5318
0.0811 0.2432 3.9306
1.8649 2.4324 0.9350
-2.4324 -3.0000 36.7816
-1.2973 1.8649 5.2958
-1.1351 -0.9730 13.3974
1.4595 0.4054 2.7538
1.2162 0.8919 1.2747
1.7027 -1.2973 11.3660
-0.0811 2.1081 1.1804
1.2162 1.0541 0.9416
-1.3784 -1.7027 19.3667
0.2432 1.4595 0.8649
-1.2973 -1.7838 19.5946
1.8649 -0.4865 6.9306
-2.4324 3.0000 12.7816
-2.6757 -0.5676 20.1030
-2.4324 -1.5405 24.3170
-1.7838 -0.2432 12.7816
0.0811 2.8378 1.5464
1.6216 2.9189 1.2308
1.9459 0.2432 3.9810
-1.9459 1.4595 8.9708
0.0811 -0.4865 7.0270
1.4595 -3.0000 25.2111
-1.4595 -1.9459 21.6194
-2.3514 0.4865 13.5223
-0.9730 -0.8108 11.7933
2.9189 -3.0000 28.6822
2.1081 1.9459 1.2308
-0.2432 -0.8108 9.4463
-2.4324 -0.2432 16.8137
0.4865 -2.2703 18.4989
-1.3784 2.1081 5.6684
0.8108 -0.7297 7.4872
1.7838 1.2162 1.2286
-2.8378 2.2703 14.8020
0.0811 -1.6216 13.9606
-1.6216 -0.8919 15.2359
-0.3243 0.1622 5.1315
2.1081 -2.3514 20.1622
0.4054 -1.7838 14.6706
2.5946 1.0541 3.4375
-0.9730 -0.9730 12.7312
1.2162 2.0270 0.0475
2.3514 1.9459 1.8291
-1.7027 1.8649 7.3229
1.7027 0.0000 4.4938
-0.3243 -1.2973 12.6260
2.7568 -1.1351 12.9153
2.2703 -0.1622 6.2885
-0.2432 1.2973 2.0394
-0.4054 0.3243 4.7831
-3.0000 2.0270 16.0007
0.1622 1.7027 0.7904
-3.0000 -1.8649 30.9372
-1.5405 0.0000 10.4543
-0.9730 1.5405 4.1037
-1.2973 -2.6757 27.1395
1.0541 2.8378 0.7049
-2.7568 -2.9189 38.3090
2.3514 -0.7297 9.2776
-1.9459 2.2703 8.7516
1.7838 2.2703 0.6874
-2.1892 -1.0541 19.4982
0.0000 2.8378 1.7020
-2.7568 2.8378 14.8152
0.1622 -0.1622 5.3769
-1.2162 -1.8649 19.8488
0.2432 0.4054 3.1154
-0.8108 -1.8649 18.2162
0.7297 -1.7027 13.7831
-1.1351 1.7027 4.6472
-1.1351 1.8649 4.5771
-2.0270 -2.8378 32.5676
-2.2703 -1.3784 22.1081
-1.6216 -0.1622 11.5478
-0.7297 1.2162 3.6063
2.5135 -0.4054 8.0767
-0.8919 0.9730 4.6340
-2.3514 -2.1081 28.1081
-1.9459 1.2973 9.1724
0.4865 2.1081 0.2754
2.8378 -0.1622 8.0526
-1.8649 1.9459 8.2104
0.8108 -0.0811 4.3667
-2.5135 1.3784 12.7312
2.8378 0.6486 5.2038
-1.4595 2.5946 6.4025
-0.8108 0.8108 4.6932
0.7297 2.5946 0.4266
-2.0270 -1.6216 22.2790
-2.4324 2.5946 12.1351
2.8378 -1.7838 17.6947
-1.5405 -0.6486 13.4697
-1.0541 -2.6757 26.0811
-1.4595 -2.8378 29.4536
-0.8108 -1.3784 14.6925
2.0270 0.5676 3.1066
-2.4324 -0.4865 17.9642
-0.1622 -2.4324 20.9971
-0.3243 -3.0000 26.7538
-0.4054 0.0811 5.6574
-1.6216 -2.9189 31.0687
-2.5946 -0.4865 19.1037
-0.6486 -1.2162 13.0621
-1.2162 1.6216 5.0548
0.4054 0.8919 1.5814
1.5405 -2.9189 24.4879
1.5405 0.4054 2.8349
-0.7297 -0.8919 11.3550
2.5135 -0.6486 9.3061
-1.0541 -1.2162 14.5632
-2.7568 -0.6486 21.1286
-1.7838 -1.5405 20.2849
0.1622 0.8919 1.9299
1.7838 0.8108 2.0285
2.4324 -2.4324 21.6983
2.5946 0.7297 4.1563
0.4865 2.4324 0.4507
0.2432 2.9189 1.4171
0.4054 2.1081 0.3652
-1.3784 -1.0541 14.9839
-0.8108 2.8378 3.9810
1.2973 -2.6757 21.9503
2.5135 1.7838 2.3375
0.1622 1.0541 1.5968
1.3784 -1.6216 13.2593
-2.2703 -0.9730 19.5332
-1.2162 2.8378 5.6136
-2.7568 1.8649 14.1315
-1.0541 1.3784 4.6056
-2.3514 -1.2162 21.5756
-2.5946 0.1622 16.2988
-1.8649 -2.2703 26.4427
2.9189 0.4054 6.2250
-2.1892 1.4595 10.4631
-0.9730 0.4054 6.4354
-1.7027 2.0270 7.3053
1.9459 2.7568 1.4675
1.2973 -1.2973 10.9606
-0.5676 -2.5946 23.5676
2.2703 0.3243 4.4215
3.0000 1.4595 4.2922
1.2162 1.3784 0.4332
-2.9189 0.4865 17.6486
-1.2973 -2.0270 21.4945
0.0811 0.4054 3.3871
0.5676 2.8378 0.8890
-0.8919 -0.7297 11.0307
-1.1351 -0.0811 8.8897
-2.0270 -0.5676 15.7553
-2.2703 1.2973 11.1885
0.4054 -1.7027 14.0636
-2.8378 -2.1892 32.2783
-1.1351 -1.2973 15.4310
0.9730 1.8649 0.0190
-2.2703 -2.5135 31.0665
0.9730 -0.5676 6.5931
0.9730 1.2973 0.4945
-0.8108 -0.5676 9.8714
-0.0811 -0.4865 7.3514
0.2432 -0.6486 7.5880
-1.0541 1.7027 4.3075
0.2432 -2.9189 24.7684
-2.6757 1.7838 13.5573
-2.6757 -2.1892 31.0599
2.9189 -2.1892 21.2316
1.4595 3.0000 1.2111
1.3784 3.0000 1.1432
1.7838 2.7568 1.1870
-1.9459 -2.0270 24.8955
2.2703 -2.1081 18.4901
1.5405 -2.5946 21.4025
0.1622 2.0270 0.7027
-2.3514 -3.0000 36.2316
-2.5135 0.3243 15.1527
-0.4054 2.7568 2.5478
-2.8378 -0.4054 20.5150
-0.4865 2.6757 2.6662
1.2973 1.5405 0.2995
-2.1892 -2.0270 26.3879
-0.8108 2.5135 3.5427
-2.2703 1.7838 10.7414
1.4595 -2.8378 23.6158
-0.3243 2.5135 2.0175
-1.5405 -0.3243 11.8568
2.4324 -0.2432 7.0840
-1.2162 2.0270 4.9123
1.5405 0.8919 1.5201
2.4324 0.0811 5.7341
0.5676 0.7297 1.8006
-1.8649 -0.7297 15.6589
-1.6216 2.8378 7.5749
-0.5676 -1.1351 12.2863
-1.7027 0.4865 9.5953
-2.2703 1.4595 10.9869
2.4324 1.2162 2.6662
1.2162 -2.5946 21.1570
2.9189 -0.1622 8.3572
-0.8108 -2.2703 21.5142
2.4324 -2.1892 19.6012
2.9189 -0.7297 11.1337
2.0270 1.7027 1.1432
2.1081 -2.1081 18.1045
0.8108 0.6486 1.8619
-2.1081 -2.1892 27.2096
-2.3514 -2.4324 30.8780
-0.5676 2.7568 3.0299
-0.5676 -0.6486 9.4726
-0.6486 -1.6216 15.8342
0.9730 0.4054 2.5435
1.1351 0.5676 2.0701
-1.2973 -2.5135 25.6494
2.5946 -2.1892 20.0920
0.2432 1.9459 0.5756
-3.0000 -2.5946 37.1103
-0.7297 -0.5676 9.5844
0.0000 1.2973 1.4938
0.0000 1.3784 1.3864
1.5405 -2.1892 17.8415
0.0000 0.8919 2.2279
2.9189 -2.6757 25.5442
2.6757 -2.8378 26.2126
2.8378 -3.0000 28.3776
-1.2162 1.9459 4.9145
0.8108 2.0270 0.0365
1.6216 -0.3243 5.7889
2.0270 1.7838 1.1015
1.4595 2.1081 0.2228
0.4054 2.0270 0.3543
1.2973 -1.5405 12.6238
-2.9189 1.0541 16.2527
1.7027 0.8108 1.9080
1.1351 -1.4595 11.9861
1.0541 0.2432 3.0891
-1.3784 2.2703 5.7297
-1.2973 -0.2432 10.3097
-1.4595 2.5135 6.3126
-2.1892 -0.7297 17.6224
1.4595 1.8649 0.2294
-1.1351 -2.3514 23.4931
1.3784 -1.9459 15.7137
1.2162 0.7297 1.6603
1.9459 1.4595 1.1870
1.0541 0.5676 2.0548
0.5676 3.0000 1.1870
-1.9459 -0.2432 13.7107
-1.6216 0.0000 10.8729
-2.8378 -1.2162 25.0730
1.7838 1.5405 0.8254
-1.1351 -0.4865 10.7414
-1.4595 0.5676 8.1008
-1.7027 -1.6216 20.4207
1.6216 2.0270 0.3871
2.8378 2.9189 4.2221
2.6757 0.8919 4.0358
-2.3514 -2.0270 27.4485
-2.0270 1.8649 9.1812
0.3243 -0.4865 6.6392
2.1892 -2.2703 19.6494
1.8649 -2.6757 22.6099
-0.3243 -1.7027 15.4638
-0.0811 -1.0541 10.4960
-2.2703 0.0000 14.6947
-0.7297 -0.4865 9.1746
1.1351 -0.4054 5.8042
-1.5405 0.2432 9.5405
-0.0811 2.1892 1.2045
2.5946 -0.7297 9.9942
-1.5405 0.4865 8.7451
1.8649 2.1081 0.7597
-1.1351 -1.4595 16.5267
1.4595 -1.2162 10.5551
-2.5946 -2.4324 32.5676
-2.4324 0.3243 14.5895
-1.2973 -3.0000 30.2776
1.7027 -2.0270 16.7107
-2.4324 -2.7568 34.4083
1.2973 2.6757 0.5449
-0.7297 3.0000 3.9920
1.4595 2.9189 1.0555
2.6757 -2.9189 27.0037
-0.8919 1.4595 3.8714
3.0000 1.0541 4.8948
1.2973 -1.2162 10.4324
1.1351 -2.5946 21.1286
-0.0811 1.7838 1.2155
-0.6486 2.7568 3.2907
1.9459 -1.7027 14.6048
-2.5135 -0.8919 20.7078
-1.2162 -1.5405 17.4470
-0.8108 1.1351 4.0270
0.9730 1.3784 0.3871
2.9189 0.9730 4.7370
-0.3243 0.5676 3.8057
2.9189 -2.0270 19.8992
2.1892 -0.9730 10.2527
0.9730 -2.5135 20.3725
-1.5405 -0.2432 11.4865
2.3514 0.8919 3.0541
2.5135 -0.2432 7.3229
-0.2432 -0.6486 8.5610
3.0000 -3.0000 29.0000
-2.7568 2.5946 14.4668
1.8649 -0.3243 6.1505
-2.1081 -2.1081 26.5369
1.3784 0.4054 2.6859
0.2432 -0.9730 9.4112
0.8108 1.0541 0.9306
1.1351 0.8919 1.2462
0.3243 0.0811 4.1388
-2.6757 0.1622 16.8882
-2.9189 -0.8108 23.2586
-1.8649 2.1081 8.2191
-1.4595 0.0000 10.0489
-1.6216 0.3243 9.6808
0.9730 0.8108 1.4149
1.1351 -0.5676 6.6107
-1.7027 0.9730 8.3594
2.1892 -1.7027 15.1242
-1.6216 1.4595 7.1651
-1.9459 -2.2703 26.9138
2.1892 -1.1351 11.2432
1.7838 -1.7027 14.3243
3.0000 -1.6216 17.1161
-0.1622 -1.1351 11.1797
-2.7568 0.2432 17.1994
-0.0811 -0.7297 8.6202
2.1892 2.8378 2.1161
-0.0811 -2.0270 17.3857
-2.1892 0.6486 11.9971
-2.0270 0.7297 10.7765
-2.1081 2.5946 10.0139
-2.5135 2.1892 12.3806
-2.9189 1.9459 15.3608
-1.5405 -0.8919 14.8174
0.8919 1.6216 0.1549
-0.4054 -1.7838 16.2922
-2.0270 -3.0000 34.1629
1.9459 2.1081 0.9065
-2.7568 -0.4054 19.8992
0.8919 -0.3243 5.4142
-2.1892 1.2162 10.7852
-2.2703 1.3784 11.0811
-2.1081 2.4324 9.8473
-0.1622 1.7838 1.3974
0.0811 -1.2162 11.1885
1.1351 0.0000 4.0183
0.4054 -2.4324 20.0000
-2.5946 1.7838 12.9679
2.7568 0.0000 7.0862
-0.6486 2.0270 2.7188
-1.4595 0.6486 7.8751
2.5135 2.8378 2.9927
0.5676 2.9189 1.0314
-2.1892 2.4324 10.3579
-0.9730 2.3514 4.0161
0.7297 -1.1351 9.9021
1.2973 -0.8108 7.9890
0.4865 1.6216 0.4069
1.9459 -2.5946 22.0051
2.9189 0.4865 5.9730
-1.7027 2.5946 7.6581
2.9189 -1.2162 14.0263
-2.9189 -1.9459 30.9284
0.8919 2.3514 0.1351
-1.3784 -2.9189 29.8524
-0.8919 2.7568 4.1519
0.4054 -1.3784 11.7670
-2.3514 -1.0541 20.5588
1.4595 -2.6757 22.0730
-1.8649 -3.0000 33.2075
0.8108 -2.2703 18.2710
-0.4865 -1.7027 15.9196
0.3243 0.7297 2.0701
-0.7297 0.5676 5.0438
2.5135 0.2432 5.3769
2.7568 -0.5676 9.6786
0.7297 -1.6216 13.1892
0.0811 -1.1351 10.6735
-1.8649 -1.7027 21.9175
1.4595 -0.1622 4.8860
0.7297 -2.8378 23.4777
1.7838 2.5135 0.8780
-2.2703 -2.1081 27.5712
2.2703 0.9730 2.6684
-0.0811 2.8378 1.8707
-0.7297 -1.1351 12.8210
-2.3514 2.1892 11.2673
-2.5135 1.9459 12.3477
-0.5676 -2.5135 22.8291
0.2432 -1.2973 11.4449
-1.4595 -0.4865 12.2316
2.5135 0.8108 3.7049
1.7027 -2.9189 24.6896
-1.8649 -2.5946 29.3178
1.7027 -0.4054 6.2798
2.5946 -1.9459 18.1132
3.0000 -2.9189 28.1958
0.0811 -0.0811 5.1753
-1.5405 1.4595 6.7465
1.7027 -0.5676 7.0862
-2.2703 -0.3243 16.0972
1.2162 1.8649 0.0650
-2.8378 -1.1351 24.5581
-1.7838 -0.0811 12.0804
-2.2703 1.8649 10.7129
-2.5946 -0.5676 19.5135
-0.1622 -0.7297 8.8020
-2.5135 0.4054 14.8875
-2.8378 0.9730 15.7838
1.0541 -2.6757 21.8649
2.4324 2.1081 2.0636
0.0000 -1.2973 11.8722
0.8108 -1.1351 9.8649
-2.3514 -2.5135 31.6034
0.1622 -3.0000 25.7020
-2.0270 -2.3514 28.0972
-3.0000 -1.4595 27.9679
-0.7297 -2.5946 24.1023
-0.3243 1.2973 2.2476
1.2162 -1.1351 9.8758
1.3784 -0.8919 8.5062
0.4865 1.0541 1.1585
2.4324 0.0000 6.0519
-1.7027 2.1081 7.3163
0.5676 1.7027 0.2754
-1.2162 2.6757 5.3682
1.2973 0.0000 4.0884
0.4054 0.6486 2.1797
-2.5946 -2.1081 29.7977
0.4054 0.1622 3.7312
-1.7027 -0.8108 15.2053
1.8649 -2.5135 21.1198
-2.6757 -1.8649 28.4478
1.2973 2.5135 0.3521
0.0811 -1.0541 10.1717
0.7297 0.8108 1.4872
-2.4324 -1.0541 21.1088
-2.9189 -1.2973 26.2301
2.5946 -2.0270 18.7597
2.1892 0.0000 5.4142
-2.7568 3.0000 15.1132
-0.5676 0.5676 4.5091
-2.9189 -0.2432 20.3901
2.1081 2.5946 1.5814
1.6216 0.1622 3.7641
0.8108 1.2162 0.6501
2.3514 1.1351 2.5741
-0.3243 -0.0811 6.0847
0.3243 0.0000 4.4565
1.9459 -1.2973 11.7670
0.6486 1.4595 0.4156
-2.5135 -2.7568 34.9715
3.0000 0.0000 8.0000
2.7568 1.2162 3.7005
-2.4324 0.4054 14.3243
0.0000 0.4865 3.2907
1.5405 1.7027 0.3806
-2.8378 -0.4865 20.9116
3.0000 -2.1081 20.8766
-2.4324 1.3784 12.1680
1.4595 1.1351 0.9591
1.2973 -1.8649 15.0256
-0.4054 1.8649 1.9934
-2.8378 -2.4324 34.3755
1.5405 -2.1081 17.1687
-1.4595 2.4324 6.2359
2.7568 -0.9730 11.9248
2.1892 0.7297 3.0278
1.7027 -2.2703 18.7290
1.9459 -2.5135 21.2666
1.6216 0.3243 3.1943
-1.1351 -0.8919 12.9218
-0.2432 3.0000 2.5457
2.7568 2.5946 3.4397
2.4324 -2.8378 25.4565
0.7297 -1.8649 15.0102
0.4865 -0.1622 4.9386
-1.3784 -1.7838 19.9737
-0.3243 -1.6216 14.8700
3.0000 -1.4595 15.9679
2.1081 -0.0811 5.5588
-0.4054 -0.5676 8.5676
0.8108 -1.2162 10.3798
-2.1081 -0.1622 14.3353
-1.0541 -0.5676 10.8115
-2.2703 0.8108 12.1088
0.8108 0.4054 2.5785
1.6216 0.0000 4.3864
-0.9730 2.1081 3.9043
-1.6216 -2.0270 23.0898
1.9459 -0.4865 7.0774
-2.2703 -2.1892 28.2440
0.0811 0.8108 2.2586
0.1622 1.2162 1.3163
2.1081 -0.8919 9.5909
2.2703 -0.4865 7.7962
-1.8649 0.8919 9.4354
0.7297 -2.5135 20.4449
2.6757 2.0270 2.8086
-2.1081 -0.8919 18.0234
0.5676 2.6757 0.6435
-1.2162 -2.3514 23.8459
1.6216 -2.7568 23.0131
0.6486 2.2703 0.1965
1.7027 2.9189 1.3382
2.5946 0.3243 5.3506
0.0000 0.8108 2.4142
2.3514 1.5405 2.0373
0.1622 -0.5676 7.2944
-0.9730 -0.7297 11.3440
-0.3243 -1.8649 16.6910
-1.9459 2.1081 8.6903
1.6216 -2.5135 20.7582
1.0541 -2.2703 18.2381
1.0541 -2.0270 16.2199
1.9459 0.3243 3.7027
-0.6486 -1.9459 18.2885
-1.2162 2.7568 5.4843
-1.1351 -1.7027 18.2688
1.7027 -1.7838 14.8108
-2.7568 0.6486 15.9394
-0.4865 2.5135 2.4733
0.8108 2.9189 0.8802
-1.3784 0.8108 7.0709
3.0000 0.8919 5.2279
1.4595 0.4865 2.5018
2.8378 -0.2432 8.4098
-1.6216 -2.8378 30.2776
0.9730 -2.9189 24.1965
-1.9459 -0.0811 13.0095
-1.1351 -1.2162 14.9028
0.8919 2.2703 0.0847
0.1622 -2.4324 20.3484
-0.2432 -1.9459 17.1161
-1.9459 0.6486 10.5047
-1.7027 2.6757 7.7611
2.2703 1.4595 1.9058
-2.3514 0.8919 12.4595
2.7568 -1.4595 15.0541
1.7838 -2.6757 22.4763
-1.1351 -1.5405 17.0942
0.4054 0.7297 1.9671
0.6486 -0.1622 4.7984
-1.4595 1.2162 6.6633
-1.1351 -1.8649 19.4960
1.1351 -0.0811 4.3492
-0.5676 -0.7297 9.9087
1.7838 -1.8649 15.5515
0.8108 -0.1622 4.7107
1.6216 2.1892 0.4222
2.8378 3.0000 4.3776
-0.4865 2.7568 2.7823
2.1081 0.4054 3.7706
-1.5405 0.8919 7.6822
-1.0541 -2.3514 23.1534
-0.4054 -0.0811 6.3061
2.9189 -0.4865 9.8649
-1.2973 3.0000 6.2776
-1.4595 0.7297 7.6625
0.0000 -0.6486 8.0153
2.7568 2.9189 3.9306
1.1351 2.6757 0.4748
2.3514 0.9730 2.8809
0.9730 -1.4595 11.9686
-0.4054 1.0541 2.8700
0.2432 -1.5405 13.1081
2.6757 -0.0811 7.1388
1.2973 2.1892 0.1242
-1.8649 -1.2162 18.5515
-1.6216 -0.9730 15.7115
2.0270 0.0000 5.0548
1.6216 1.9459 0.3893
-2.1081 1.4595 9.9525
0.4054 -1.5405 12.8890
1.5405 -2.4324 19.9386
-1.4595 -1.7838 20.3660
2.8378 0.4865 5.6684
2.3514 -0.1622 6.5011
-0.6486 1.9459 2.7210
1.1351 -0.7297 7.4697
-0.6486 1.0541 3.6129
2.3514 0.6486 3.6523
1.8649 2.7568 1.3207
-1.3784 1.9459 5.6596
-0.4054 2.1892 2.0110
-1.0541 1.7838 4.2659
1.2973 1.1351 0.8364
0.6486 2.8378 0.8254
-2.9189 -0.8919 23.7210
2.3514 2.9189 2.6706
1.2162 -0.4865 6.2294
1.6216 -0.1622 5.0614
0.3243 2.9189 1.3009
2.1081 -0.4865 7.4105
-0.3243 2.8378 2.4558
2.9189 1.5405 3.8934
1.9459 2.2703 0.9679
-0.5676 0.7297 4.0709
-0.5676 2.2703 2.5303
0.9730 0.2432 3.0869
-1.7838 1.4595 8.0416
-1.1351 2.2703 4.6318
-2.0270 0.4865 11.4536
-0.0811 0.0000 5.1687
0.0811 -2.5135 21.2162
-1.0541 0.4865 6.5099
1.3784 2.5946 0.4967
2.9189 0.0811 7.3645
1.1351 1.9459 0.0212
-1.0541 0.8919 5.4470
-0.5676 2.0270 2.4580
2.1081 1.7838 1.2747
2.2703 2.4324 1.8006
2.9189 -0.0811 8.0131
2.5135 -1.5405 14.8262
2.5135 1.1351 3.0387
-0.0811 2.5135 1.4324
1.9459 0.4865 3.1855
1.5405 0.8108 1.7064
1.4595 -1.3784 11.6245
0.8919 -1.8649 14.9489
-0.7297 -2.1081 19.8685
2.1892 0.5676 3.4660
1.4595 1.2973 0.7049
-0.9730 2.9189 4.7370
-0.3243 2.6757 2.2104
-3.0000 0.4865 18.2907
-2.5135 0.5676 14.3966
-1.7027 0.5676 9.3565
-2.5135 1.7838 12.3915
0.7297 -0.4054 5.8590
1.7838 -1.0541 9.9416
-0.4865 -0.2432 7.2418
-2.3514 1.9459 11.2345
-2.5135 0.2432 15.4310
-3.0000 0.8108 17.4142
-1.9459 -2.1081 25.5551
0.4054 -0.0811 4.6844
2.9189 -2.1081 20.5588
1.2162 1.1351 0.7947
-1.5405 1.1351 7.2023
0.0811 0.0811 4.5267
-2.3514 -1.7838 25.5486
-2.2703 -2.0270 26.9116
0.7297 -3.0000 25.0730
-1.5405 -0.8108 14.3550
0.0000 0.1622 4.3776
-2.5135 2.3514 12.4682
0.1622 3.0000 1.7020
0.5676 -0.7297 7.6384
-0.7297 -0.9730 11.8305
1.7027 2.3514 0.6172
-2.2703 -0.2432 15.7268
-2.6757 2.3514 13.6340
2.0270 -1.5405 13.5902
0.8108 1.3784 0.4222
0.2432 1.0541 1.4675
1.6216 0.4054 2.9291
-2.6757 -2.2703 31.7458
-2.5135 -2.3514 31.2790
0.7297 0.4054 2.6158
-1.3784 0.2432 8.7429
2.4324 2.5946 2.4054
-2.2703 -3.0000 35.6947
2.4324 2.5135 2.3156
-1.5405 -3.0000 31.4543
0.0000 0.3243 3.8079
-2.9189 -2.0270 31.5749
-2.7568 -2.5135 34.4850
2.1892 1.4595 1.7064
0.9730 -2.4324 19.6472
0.0000 -2.3514 19.9343
-1.3784 -2.0270 21.8736
2.8378 2.3514 3.5011
1.2973 0.4054 2.6311
0.0811 0.4865 3.1351
1.1351 -1.7027 13.7283
1.1351 3.0000 1.0183
0.4865 -0.2432 5.2958
-1.5405 -0.5676 13.0467
0.6486 -1.7838 14.4405
1.2162 2.8378 0.7487
-0.6486 -1.7838 17.0351
1.8649 -2.4324 20.3944
1.2973 -0.0811 4.4193
0.5676 -2.9189 24.3828
-0.1622 -0.6486 8.3660
1.0541 -1.3784 11.4164
1.2973 -1.6216 13.2045
-0.8919 2.6757 4.0358
2.1892 3.0000 2.4142
0.4865 0.6486 2.0898
-1.4595 1.6216 6.1921
-0.2432 -1.2973 12.4178
-2.4324 2.0270 11.7823
2.2703 -1.2162 11.9576
1.1351 2.3514 0.1417
-0.5676 -2.4324 22.1037
-0.3243 0.4865 4.0446
-2.3514 0.1622 14.6092
-2.3514 -0.2432 16.2637
1.8649 0.4054 3.2907
2.5946 -2.2703 20.7779
0.8108 0.4865 2.3265
-2.3514 -1.4595 23.1994
3.0000 -0.8108 11.9007
2.5135 -2.3514 21.2250
-2.7568 -0.1622 18.7882
0.9730 -0.0811 4.3316
1.6216 -1.6216 13.5026
2.0270 1.5405 1.2659
2.7568 0.1622 6.4638
2.8378 -1.1351 13.2067
0.4054 1.8649 0.3718
0.9730 1.4595 0.2929
1.9459 1.2973 1.3886
1.0541 -1.8649 14.9401
-0.5676 1.3784 2.8437
-0.6486 0.4054 5.2608
1.6216 2.6757 0.8430
-0.5676 -2.3514 21.3915
3.0000 -1.8649 18.9372
1.7838 1.7838 0.6611
-2.6757 1.7027 13.5990
-0.0811 -2.5135 21.5405
1.7838 0.1622 3.9920
2.1892 1.8649 1.4324
1.4595 1.6216 0.3543
-2.5135 -2.1081 29.2213
-2.1081 -2.5135 30.0321
0.4054 -0.8919 8.7166
2.2703 -0.6486 8.6289
0.5676 -1.7838 14.5040
-1.5405 -1.9459 22.0248
-2.6757 -0.6486 20.5259
2.0270 -0.6486 8.0701
2.6757 -0.4054 8.5939
-1.2162 -0.4865 11.0942
1.3784 -1.1351 9.9722
0.0000 -0.5676 7.5924
-1.7027 -2.1081 24.1812
-1.4595 -2.5135 26.4207
0.2432 -2.8378 23.9774
-2.0270 -0.2432 14.1950
1.5405 -2.0270 16.5091
2.6757 2.2703 2.8809
2.0270 2.3514 1.1782
-0.4865 1.4595 2.5018
1.2162 -1.2973 10.9189
2.2703 -0.4054 7.3996
-1.1351 0.7297 6.1724
-2.1081 -1.8649 24.5975
0.7297 2.5135 0.3367
-1.1351 0.9730 5.6136
-2.2703 1.2162 11.3090
0.8919 2.1892 0.0475
-1.7027 -2.2703 25.5398
-0.0811 3.0000 2.1687
1.0541 3.0000 1.0029
-2.5946 -1.9459 28.4916
-1.9459 0.4865 10.9693
0.0811 2.6757 1.3009
2.1892 0.2432 4.5004
-2.8378 -0.3243 20.1315
-1.7027 -2.4324 26.9511
-3.0000 -1.2973 26.8722
-0.6486 1.8649 2.7363
-2.5135 -1.2973 23.2169
-1.9459 0.5676 10.7305
-2.1892 -2.8378 33.5756
-0.9730 2.4324 4.0796
-0.8108 1.7838 3.3258
-0.1622 -0.4054 7.1366
2.5135 -0.7297 9.7421
2.0270 -0.0811 5.3857
1.5405 2.2703 0.3652
-1.8649 2.1892 8.2432
-2.3514 0.2432 14.3178
1.7027 2.5135 0.7575
0.0000 2.9189 1.8444
2.1081 -0.3243 6.6304
-0.5676 0.8919 3.6852
1.9459 -1.7838 15.2118
-2.1081 0.8919 10.8882
-2.7568 1.5405 14.3243
1.5405 0.3243 3.1001
2.6757 2.5946 3.1614
-1.7027 0.2432 10.3908
2.7568 0.3243 5.8941
-2.1081 -0.6486 16.6757
-2.1081 1.3784 10.0467
-1.6216 -1.6216 19.9890
-2.1081 -1.9459 25.2308
-2.2703 -0.8108 18.5953
1.6216 2.7568 0.9591
-2.9189 0.8919 16.5858
-2.8378 -0.8919 23.0920
-1.2973 0.0000 9.2776
2.1081 2.3514 1.3514
-1.7027 -2.5946 28.4149
1.8649 2.2703 0.8210
1.3784 -2.3514 19.0774
0.0811 -1.9459 16.4149
2.1081 -1.1351 11.0570
-2.4324 0.6486 13.6077
1.6216 2.4324 0.5734
3.0000 0.0811 7.6822
2.3514 0.5676 3.8780
0.3243 2.1081 0.4682
-2.6757 0.2432 16.5968
0.3243 -2.7568 23.0833
1.2973 -1.7838 14.4054
-2.5946 -1.0541 22.2484
1.6216 2.5946 0.7400
-1.6216 -2.5946 27.9832
-1.8649 -1.8649 23.1446
1.8649 1.7027 0.8364
2.2703 2.7568 2.1863
2.5135 -0.8919 10.6538
-2.3514 0.8108 12.6457
-3.0000 -2.1081 32.8766
0.6486 -2.1081 17.0000
1.7838 2.0270 0.6150
2.2703 0.1622 4.9912
-2.1081 0.0000 13.6603
-1.5405 1.7027 6.5427
-1.4595 -2.5946 27.1592
1.4595 2.2703 0.2841
2.0270 -0.7297 8.5062
-0.5676 2.5135 2.7210
-2.5946 0.4054 15.4638
0.8919 -1.4595 11.9795
0.5676 -2.4324 19.8335
0.7297 -1.3784 11.4865
0.6486 -2.0270 16.3404
1.3784 -0.9730 8.9817
-2.5946 2.5946 13.2747
-0.8919 1.1351 4.3272
-2.5946 -2.2703 31.1563
1.0541 -0.0811 4.3338
-2.6757 -1.5405 26.0460
2.8378 0.1622 6.7553
0.5676 -3.0000 25.1870
1.6216 1.3784 0.7728
-2.1081 0.4054 12.2031
-1.2973 -1.4595 17.2454
0.8919 -1.7838 14.3287
-2.1081 0.3243 12.4682
0.7297 1.8649 0.0913
0.8108 2.4324 0.2228
-0.7297 -0.2432 8.0241
-1.6216 -1.7838 21.1899
1.6216 0.9730 1.4412
-1.9459 0.3243 11.4865
2.5135 -2.9189 26.4865
1.6216 0.5676 2.4383
3.0000 -2.5946 25.1103
-0.4054 0.1622 5.3528
1.4595 0.1622 3.5888
0.5676 -1.3784 11.6004
-1.7027 -2.6757 29.1665
0.9730 0.7297 1.6143
3.0000 1.7838 4.0467
2.7568 -2.8378 26.4909
2.3514 -2.4324 21.4726
1.8649 -0.8108 8.6486
1.5405 -1.7027 14.0022
2.4324 2.6757 2.5084
-2.1892 0.8919 11.3988
-1.4595 -2.4324 25.6954
2.5135 2.9189 3.1351
0.4054 2.8378 1.0555
1.9459 -1.3784 12.3083
-2.7568 0.8108 15.5274
2.4324 -3.0000 27.0519
2.6757 0.0000 6.8079
-0.2432 -1.6216 14.6618
1.7027 -0.2432 5.5259
2.2703 1.3784 2.0000
-2.8378 0.7297 16.3426
0.8919 1.1351 0.7597
-0.1622 0.4865 3.6413
0.2432 2.6757 1.0292
2.1892 1.1351 2.1622
-2.0270 0.2432 12.2491
2.6757 0.5676 4.8598
-0.6486 -1.0541 12.0453
-0.8919 2.5135 3.8430
2.3514 -1.0541 11.1534
2.7568 -2.3514 22.0205
-2.8378 1.7027 14.8174
-0.4054 -2.9189 26.1709
0.0000 -2.9189 25.1958
2.3514 1.8649 1.8444
