2 1
-3.5135 2.9730 0.3451
-4.3243 8.3784 0.0880
8.9189 9.1892 0.0482
-9.7297 -8.9189 0.0454
-8.9189 4.8649 0.0760
-8.9189 8.6486 0.0512
-5.6757 -2.7027 0.1927
-3.7838 5.1351 0.1874
9.1892 9.4595 0.0455
4.0541 3.2432 0.2763
-3.7838 6.4865 0.1370
3.2432 -6.7568 0.1375
1.3514 -0.5405 1.9425
0.5405 -1.8919 1.3625
-8.1081 1.6216 0.1137
0.0000 -7.8378 0.1261
-8.6486 -3.7838 0.0878
-6.2162 -4.5946 0.1296
-6.7568 -3.7838 0.1291
-7.0270 3.5135 0.1255
0.0000 7.8378 0.1261
-9.4595 -7.2973 0.0553
4.0541 7.8378 0.1002
-7.2973 6.4865 0.0822
-8.3784 4.5946 0.0857
6.2162 -5.4054 0.1145
7.0270 -2.7027 0.1363
-2.7027 0.0000 0.8598
-5.1351 -9.1892 0.0709
-4.0541 -3.7838 0.2443
6.4865 -2.7027 0.1557
-2.9730 3.5135 0.3451
-4.3243 1.0811 0.3658
-0.2703 -6.2162 0.1965
2.1622 -4.0541 0.3462
-5.4054 -6.7568 0.1041
8.1081 4.3243 0.0925
-3.5135 -2.9730 0.3451
9.7297 -6.7568 0.0562
-8.9189 3.2432 0.0869
-1.3514 6.7568 0.1617
-1.6216 -10.0000 0.0765
10.0000 -1.0811 0.0775
-1.3514 7.8378 0.1226
9.4595 9.4595 0.0442
4.0541 6.4865 0.1322
-1.3514 -7.5676 0.1309
4.3243 5.6757 0.1512
8.1081 1.6216 0.1137
7.5676 -4.8649 0.0965
-1.8919 1.8919 0.8735
4.5946 -7.5676 0.0995
4.0541 6.7568 0.1248
1.0811 9.1892 0.0913
-5.6757 -8.3784 0.0766
-2.1622 8.3784 0.1041
-2.1622 5.9459 0.1903
-5.9459 -5.4054 0.1202
5.6757 9.1892 0.0674
-2.4324 7.5676 0.1227
7.0270 3.5135 0.1255
-4.5946 -2.9730 0.2504
6.2162 -8.9189 0.0666
-7.8378 3.2432 0.1082
4.8649 -9.4595 0.0695
-1.0811 -2.4324 0.8805
2.4324 -7.0270 0.1396
-7.8378 -1.0811 0.1238
2.7027 -8.6486 0.0951
-4.8649 -5.6757 0.1382
7.5676 -9.1892 0.0557
-7.2973 0.0000 0.1448
-1.6216 5.4054 0.2364
2.9730 -4.0541 0.2933
5.4054 -2.4324 0.2154
-0.2703 5.9459 0.2137
0.5405 -0.8108 2.7122
7.0270 6.4865 0.0856
9.1892 5.9459 0.0657
1.8919 -4.0541 0.3634
6.4865 0.2703 0.1812
7.5676 5.9459 0.0845
-4.8649 -6.7568 0.1122
7.5676 -8.9189 0.0576
0.0000 -3.2432 0.6390
2.1622 2.1622 0.7049
-5.1351 -8.9189 0.0741
3.5135 1.3514 0.4947
-2.9730 -8.9189 0.0885
9.4595 1.6216 0.0850
5.4054 7.5676 0.0904
-4.0541 -4.0541 0.2294
-3.5135 -1.0811 0.5157
-1.0811 -0.5405 2.3115
-9.7297 5.1351 0.0650
10.0000 3.2432 0.0711
-5.4054 0.2703 0.2557
6.7568 8.6486 0.0653
-10.0000 4.3243 0.0663
-9.7297 -4.5946 0.0679
9.7297 1.6216 0.0806
1.8919 1.8919 0.8735
-2.7027 4.3243 0.2857
-6.7568 2.4324 0.1493
5.4054 -1.6216 0.2364
8.3784 6.7568 0.0679
-6.2162 -5.4054 0.1145
7.5676 2.1622 0.1251
1.3514 -4.8649 0.2910
4.3243 -2.7027 0.2857
2.1622 -3.2432 0.4653
-4.3243 3.5135 0.2421
-6.7568 1.6216 0.1591
9.4595 6.2162 0.0615
-0.5405 1.8919 1.3625
1.3514 1.6216 1.2392
-7.2973 -0.5405 0.1440
-0.5405 1.6216 1.6254
-0.5405 9.4595 0.0872
-1.0811 -1.0811 1.8444
-1.3514 -5.9459 0.2042
-7.0270 -8.6486 0.0634
10.0000 -4.5946 0.0650
5.4054 -5.1351 0.1389
0.5405 -7.0270 0.1548
2.7027 7.2973 0.1279
2.4324 -2.7027 0.5256
-0.2703 5.1351 0.2813
2.7027 -1.0811 0.7638
-1.3514 -4.8649 0.2910
10.0000 -8.1081 0.0477
6.4865 5.1351 0.1136
8.6486 5.6757 0.0734
-4.3243 -3.5135 0.2421
-9.4595 9.1892 0.0455
-2.7027 -4.5946 0.2630
2.9730 -7.5676 0.1175
6.4865 -7.0270 0.0856
8.9189 -2.1622 0.0928
9.1892 5.1351 0.0709
-9.1892 -9.7297 0.0442
-5.1351 -9.4595 0.0679
-7.0270 -8.1081 0.0683
4.3243 1.0811 0.3658
0.0000 9.7297 0.0828
4.5946 4.5946 0.1809
-6.4865 8.9189 0.0647
-4.8649 2.9730 0.2318
-4.3243 -8.6486 0.0838
-8.1081 6.4865 0.0728
6.4865 -6.4865 0.0929
-10.0000 7.8378 0.0490
-8.1081 -9.1892 0.0526
-6.2162 1.3514 0.1884
-4.3243 -2.7027 0.2857
3.7838 7.5676 0.1087
-5.4054 -7.8378 0.0863
-5.1351 3.5135 0.1965
5.4054 0.5405 0.2539
5.9459 0.5405 0.2125
-8.9189 -7.2973 0.0593
0.8108 7.5676 0.1335
5.1351 -7.5676 0.0934
3.2432 -5.1351 0.2057
-0.8108 -2.1622 1.0911
-6.2162 5.6757 0.1098
-4.0541 0.5405 0.4272
7.2973 -4.8649 0.1014
7.2973 3.2432 0.1216
-2.4324 -4.5946 0.2756
-1.0811 -5.4054 0.2470
4.3243 4.8649 0.1803
-6.2162 10.0000 0.0569
-10.0000 -0.8108 0.0779
-1.0811 -4.3243 0.3658
-4.5946 10.0000 0.0650
-2.7027 -3.2432 0.4036
-7.8378 1.0811 0.1238
5.9459 -7.2973 0.0883
8.3784 -1.0811 0.1090
-2.1622 -5.6757 0.2057
0.0000 3.2432 0.6390
3.5135 -1.3514 0.4947
0.2703 -2.1622 1.1855
-6.2162 -4.8649 0.1244
-0.2703 3.7838 0.4881
-4.8649 5.9459 0.1311
-9.7297 4.8649 0.0665
7.5676 0.2703 0.1348
-3.2432 6.7568 0.1375
-6.4865 -0.5405 0.1803
5.4054 8.3784 0.0789
3.7838 -4.0541 0.2443
8.9189 4.3243 0.0798
1.6216 -4.5946 0.3108
4.0541 4.3243 0.2154
3.7838 -1.6216 0.4222
-7.8378 6.4865 0.0758
-7.2973 1.6216 0.1382
6.7568 -10.0000 0.0542
5.9459 -8.3784 0.0744
5.4054 1.0811 0.2470
-0.2703 -0.8108 2.9299
5.4054 -9.4595 0.0663
8.6486 4.0541 0.0858
5.1351 8.3784 0.0812
-4.0541 -0.8108 0.4190
-1.6216 9.7297 0.0806
7.2973 -1.6216 0.1382
-2.7027 2.4324 0.5256
-0.8108 -7.0270 0.1537
2.1622 -0.2703 1.1855
1.8919 -0.2703 1.4154
-4.3243 -8.1081 0.0925
-2.1622 -6.4865 0.1641
-2.7027 -0.8108 0.8031
6.7568 6.7568 0.0857
-5.9459 -3.2432 0.1671
-0.8108 5.9459 0.2105
3.7838 -6.7568 0.1291
5.9459 -2.1622 0.1903
6.4865 6.7568 0.0892
-7.5676 7.0270 0.0736
-1.8919 -5.6757 0.2117
-7.2973 -5.1351 0.0980
8.1081 5.1351 0.0850
-1.8919 2.4324 0.6959
2.1622 -6.2162 0.1765
-7.2973 9.4595 0.0553
9.1892 -1.8919 0.0889
6.7568 7.5676 0.0762
-4.5946 -4.3243 0.1913
-9.4595 4.3243 0.0726
5.6757 -5.1351 0.1321
6.2162 2.7027 0.1669
-9.7297 7.0270 0.0548
-2.9730 10.0000 0.0722
-10.0000 -9.7297 0.0407
-5.1351 -0.5405 0.2791
2.9730 -10.0000 0.0722
2.7027 8.3784 0.1006
-6.7568 -5.1351 0.1081
9.7297 -7.5676 0.0520
-1.3514 8.9189 0.0960
7.8378 -5.4054 0.0863
7.8378 -6.2162 0.0784
-9.4595 -4.5946 0.0711
-9.7297 3.7838 0.0721
-9.4595 0.5405 0.0872
0.0000 2.1622 1.1985
9.7297 -4.5946 0.0679
-4.5946 7.0270 0.1104
7.2973 7.0270 0.0765
-4.8649 -9.7297 0.0665
-5.9459 2.1622 0.1903
9.1892 -9.1892 0.0468
-5.4054 9.1892 0.0692
-1.8919 -1.0811 1.1855
7.5676 -6.7568 0.0762
7.8378 2.9730 0.1107
2.4324 -6.2162 0.1718
-10.0000 7.5676 0.0502
-9.1892 -8.6486 0.0496
-5.4054 -8.9189 0.0722
8.1081 1.3514 0.1150
0.0000 1.0811 2.5247
-6.7568 -6.2162 0.0927
8.1081 -4.3243 0.0925
5.4054 -9.1892 0.0692
-5.6757 9.1892 0.0674
-1.0811 4.5946 0.3295
-6.7568 -2.1622 0.1529
2.4324 8.6486 0.0967
8.9189 8.1081 0.0543
8.3784 -6.7568 0.0679
8.3784 5.4054 0.0789
5.6757 -4.0541 0.1580
-7.0270 -6.4865 0.0856
-5.6757 -3.7838 0.1648
-8.6486 5.9459 0.0713
2.9730 2.4324 0.4775
-5.4054 -8.6486 0.0755
7.2973 -1.3514 0.1402
9.7297 7.8378 0.0506
3.7838 -4.8649 0.2001
2.7027 -8.1081 0.1066
-4.0541 8.6486 0.0858
1.8919 -1.0811 1.1855
6.7568 6.4865 0.0892
2.1622 -3.7838 0.3811
-8.9189 2.9730 0.0885
1.3514 -5.9459 0.2042
-8.3784 -8.1081 0.0580
2.9730 4.5946 0.2504
9.4595 2.4324 0.0821
-7.0270 -6.7568 0.0824
7.8378 -9.1892 0.0541
2.4324 -0.5405 0.9746
-1.8919 -7.2973 0.1360
-9.4595 -3.7838 0.0756
3.2432 9.7297 0.0746
0.2703 1.3514 2.0517
5.9459 -5.4054 0.1202
-1.8919 7.8378 0.1194
-2.9730 -9.4595 0.0797
5.4054 -2.1622 0.2229
-6.2162 4.0541 0.1402
6.7568 2.4324 0.1493
8.1081 3.2432 0.1022
5.1351 -7.0270 0.1029
3.2432 -2.7027 0.4036
7.8378 -0.8108 0.1248
5.1351 -0.5405 0.2791
3.2432 2.9730 0.3746
-9.4595 9.4595 0.0442
-5.6757 4.3243 0.1512
9.7297 1.8919 0.0798
-9.1892 -0.8108 0.0918
3.2432 -9.7297 0.0746
-8.1081 8.3784 0.0580
-1.8919 -10.0000 0.0758
-9.4595 0.2703 0.0874
6.7568 4.8649 0.1122
-7.8378 -6.7568 0.0733
7.8378 2.7027 0.1131
7.0270 -8.9189 0.0611
0.8108 -10.0000 0.0779
-2.9730 -1.3514 0.6317
7.5676 -6.4865 0.0789
4.5946 -4.3243 0.1913
-1.3514 5.1351 0.2649
4.5946 -2.9730 0.2504
5.9459 -0.2703 0.2137
-4.0541 0.0000 0.4339
6.7568 -0.5405 0.1669
2.7027 -10.0000 0.0732
-6.2162 9.4595 0.0615
7.0270 1.8919 0.1456
7.8378 8.1081 0.0619
6.4865 5.6757 0.1049
-6.2162 -1.0811 0.1913
4.0541 4.8649 0.1900
5.6757 -5.9459 0.1150
4.0541 0.2703 0.4322
4.3243 -3.7838 0.2285
-2.9730 -8.3784 0.0987
7.2973 -9.1892 0.0573
3.2432 -8.1081 0.1022
1.8919 -6.7568 0.1561
-7.2973 -8.1081 0.0661
-2.7027 6.4865 0.1557
-8.1081 -9.7297 0.0493
7.0270 9.4595 0.0568
-2.4324 -4.8649 0.2533
0.5405 9.1892 0.0922
9.7297 -8.9189 0.0454
8.6486 -7.0270 0.0634
9.1892 9.7297 0.0442
-5.1351 4.0541 0.1786
9.7297 6.4865 0.0577
8.3784 -5.9459 0.0744
-6.2162 -5.1351 0.1194
-8.3784 -2.7027 0.1006
-5.6757 7.5676 0.0874
-5.4054 2.1622 0.2229
6.7568 -7.0270 0.0824
-8.9189 2.7027 0.0900
7.5676 5.4054 0.0904
-3.2432 2.9730 0.3746
7.0270 -9.7297 0.0548
-10.0000 -2.1622 0.0750
0.0000 -2.4324 1.0105
-1.6216 0.8108 1.5131
-9.4595 3.5135 0.0771
8.6486 5.9459 0.0713
4.8649 6.4865 0.1181
-7.8378 -0.2703 0.1260
0.5405 -9.4595 0.0872
-1.8919 5.9459 0.1954
-1.8919 6.4865 0.1679
3.2432 4.0541 0.2763
-0.5405 -7.0270 0.1548
1.3514 5.4054 0.2421
-6.7568 4.8649 0.1122
7.2973 5.1351 0.0980
-3.7838 0.5405 0.4817
1.3514 -8.1081 0.1150
6.7568 -6.4865 0.0892
8.1081 7.8378 0.0619
6.7568 -1.0811 0.1639
2.9730 -3.5135 0.3451
9.4595 8.1081 0.0509
-3.5135 1.0811 0.5157
4.0541 5.6757 0.1580
-4.8649 -9.1892 0.0727
-2.1622 6.4865 0.1641
-2.1622 -4.5946 0.2879
-5.1351 0.2703 0.2813
-6.2162 -8.6486 0.0693
-1.3514 -3.7838 0.4409
8.1081 -4.5946 0.0900
2.1622 7.2973 0.1335
-9.1892 -7.5676 0.0557
-1.8919 -0.5405 1.3625
-3.2432 1.8919 0.4970
4.8649 -2.4324 0.2533
-8.9189 7.8378 0.0560
-1.0811 -9.4595 0.0863
-4.5946 6.2162 0.1296
-0.5405 -3.7838 0.4817
-3.7838 -4.3243 0.2285
-0.5405 -3.5135 0.5466
-9.7297 4.0541 0.0707
4.3243 7.8378 0.0974
10.0000 -8.6486 0.0452
5.9459 2.9730 0.1732
4.8649 -2.9730 0.2318
-5.9459 7.2973 0.0883
7.0270 4.8649 0.1066
-3.5135 4.0541 0.2599
5.6757 -8.1081 0.0800
-4.8649 7.2973 0.1014
7.8378 -4.3243 0.0974
1.3514 9.7297 0.0812
-9.4595 -4.8649 0.0695
6.7568 3.5135 0.1333
0.0000 -2.1622 1.1985
4.3243 0.8108 0.3746
-7.5676 -7.5676 0.0686
4.3243 5.1351 0.1700
5.4054 -5.9459 0.1202
-7.0270 1.8919 0.1456
-10.0000 7.2973 0.0515
7.8378 -0.5405 0.1255
8.9189 -7.5676 0.0576
-4.5946 -9.4595 0.0711
2.7027 -5.4054 0.2077
-3.2432 3.2432 0.3473
-2.7027 -2.4324 0.5256
2.1622 3.2432 0.4653
-5.4054 -7.0270 0.0993
9.7297 8.9189 0.0454
1.0811 3.5135 0.5157
-3.7838 -6.7568 0.1291
5.1351 -4.3243 0.1700
1.0811 -4.8649 0.2981
-4.8649 5.1351 0.1537
-4.8649 6.7568 0.1122
2.9730 -8.6486 0.0934
3.7838 -7.0270 0.1218
-2.1622 -3.7838 0.3811
6.7568 -8.6486 0.0653
-8.6486 -9.4595 0.0481
-4.3243 -6.7568 0.1206
-4.8649 -8.6486 0.0796
-5.1351 -7.8378 0.0891
8.1081 -10.0000 0.0477
-1.6216 -5.1351 0.2581
5.1351 -9.7297 0.0650
-4.8649 -1.3514 0.2910
8.9189 8.6486 0.0512
-2.7027 -6.2162 0.1669
-0.8108 -6.2162 0.1937
7.0270 -3.2432 0.1292
0.5405 5.6757 0.2318
6.4865 4.8649 0.1181
-10.0000 5.6757 0.0596
-9.1892 9.1892 0.0468
-4.0541 -5.9459 0.1487
9.1892 -1.6216 0.0898
-8.6486 1.0811 0.1026
0.0000 -8.1081 0.1181
-5.6757 -5.9459 0.1150
-2.4324 3.2432 0.4339
-8.1081 4.5946 0.0900
4.0541 -8.1081 0.0950
-8.1081 2.4324 0.1086
10.0000 -8.3784 0.0465
4.5946 -0.5405 0.3418
-3.2432 -7.0270 0.1292
-9.1892 2.9730 0.0840
3.2432 -2.4324 0.4339
-0.2703 -5.9459 0.2137
-0.2703 -8.6486 0.1041
-5.4054 3.5135 0.1836
0.5405 -7.8378 0.1255
-7.2973 5.1351 0.0980
-2.1622 -3.5135 0.4206
3.5135 -4.3243 0.2421
9.1892 6.4865 0.0622
-3.5135 -9.7297 0.0734
-1.0811 5.9459 0.2077
-8.6486 -6.7568 0.0653
1.6216 -5.1351 0.2581
-8.3784 -1.8919 0.1056
2.7027 -4.3243 0.2857
7.8378 -7.5676 0.0663
-6.2162 2.4324 0.1718
0.8108 4.5946 0.3366
8.3784 4.0541 0.0903
-0.8108 8.6486 0.1033
8.9189 3.7838 0.0835
-3.7838 0.8108 0.4713
-7.8378 -8.6486 0.0579
-1.6216 9.4595 0.0850
-6.2162 7.0270 0.0889
4.5946 -1.6216 0.3108
-2.7027 1.0811 0.7638
-0.5405 5.1351 0.2791
7.0270 7.2973 0.0765
6.7568 -0.2703 0.1676
-10.0000 4.8649 0.0637
7.5676 9.1892 0.0557
7.5676 -9.4595 0.0538
2.4324 -1.6216 0.7586
6.4865 -1.3514 0.1743
8.1081 -7.0270 0.0683
-1.3514 10.0000 0.0771
7.2973 -5.1351 0.0980
-1.0811 -2.9730 0.6663
9.1892 -4.3243 0.0761
-0.2703 9.7297 0.0827
-9.1892 -7.8378 0.0541
-7.8378 -10.0000 0.0490
2.4324 2.7027 0.5256
6.4865 -9.1892 0.0622
8.1081 -4.8649 0.0875
9.7297 9.4595 0.0430
-3.5135 7.8378 0.1056
-8.6486 2.4324 0.0967
-7.0270 -0.2703 0.1555
-7.5676 10.0000 0.0502
3.7838 -1.3514 0.4409
5.4054 9.4595 0.0663
2.4324 6.7568 0.1493
5.9459 -5.1351 0.1255
-8.9189 -9.7297 0.0454
1.3514 3.5135 0.4947
5.9459 -3.5135 0.1610
10.0000 -9.1892 0.0429
5.4054 -3.7838 0.1757
2.4324 -3.7838 0.3598
-0.5405 1.0811 2.3115
-1.3514 9.7297 0.0812
-5.1351 8.9189 0.0741
0.8108 -1.3514 1.7843
-1.0811 -9.1892 0.0913
8.1081 2.4324 0.1086
0.8108 -5.1351 0.2756
4.0541 2.4324 0.3285
7.0270 -8.6486 0.0634
-5.4054 -6.4865 0.1092
4.8649 5.6757 0.1382
-7.5676 -7.8378 0.0663
-2.4324 3.7838 0.3598
9.4595 -1.6216 0.0850
-5.6757 -5.1351 0.1321
-0.8108 -3.5135 0.5333
-5.9459 7.0270 0.0922
-4.5946 8.1081 0.0900
-5.4054 -9.7297 0.0635
-10.0000 -6.4865 0.0555
-6.4865 0.8108 0.1788
5.6757 -5.6757 0.1204
-8.9189 -1.3514 0.0960
-4.3243 0.8108 0.3746
8.6486 5.1351 0.0775
-1.3514 8.6486 0.1017
8.6486 1.0811 0.1026
5.6757 8.9189 0.0703
9.4595 -1.3514 0.0857
-1.8919 7.5676 0.1273
4.5946 -10.0000 0.0650
-7.2973 -8.3784 0.0638
2.1622 4.0541 0.3462
-6.2162 -0.8108 0.1937
-2.7027 -6.4865 0.1557
4.8649 2.1622 0.2637
-4.5946 4.5946 0.1809
2.4324 -3.2432 0.4339
-1.8919 -4.5946 0.2997
-8.1081 -4.5946 0.0900
3.2432 -9.1892 0.0825
-4.8649 -4.0541 0.1900
4.0541 6.2162 0.1402
-5.9459 5.1351 0.1255
0.5405 -2.9730 0.7187
8.3784 3.5135 0.0946
8.3784 9.4595 0.0495
6.2162 10.0000 0.0569
8.1081 -7.2973 0.0661
-0.5405 -2.4324 0.9746
-3.2432 0.8108 0.6072
3.2432 8.3784 0.0967
-0.2703 1.3514 2.0517
-0.8108 7.8378 0.1248
-2.9730 -7.2973 0.1248
6.2162 -7.8378 0.0784
-4.3243 -3.2432 0.2563
-8.9189 -7.5676 0.0576
-8.9189 -0.2703 0.0980
9.7297 9.7297 0.0418
-7.8378 -5.4054 0.0863
7.8378 7.8378 0.0641
4.5946 -9.7297 0.0679
7.5676 2.4324 0.1227
-6.4865 -8.3784 0.0700
5.9459 1.8919 0.1954
9.1892 -4.8649 0.0727
-1.6216 -5.4054 0.2364
8.3784 1.6216 0.1069
4.8649 7.8378 0.0918
3.5135 -7.8378 0.1056
4.0541 -5.6757 0.1580
1.8919 8.3784 0.1056
6.2162 -1.3514 0.1884
-6.7568 -4.3243 0.1206
8.9189 6.2162 0.0666
3.5135 8.9189 0.0852
-1.0811 -3.2432 0.5845
-2.7027 8.9189 0.0900
4.3243 -9.1892 0.0761
-1.3514 -6.7568 0.1617
0.8108 -7.8378 0.1248
9.4595 -3.7838 0.0756
-5.9459 -1.6216 0.2001
5.6757 7.2973 0.0915
-7.2973 -2.1622 0.1335
-7.0270 -8.3784 0.0658
1.6216 -2.9730 0.5940
6.4865 5.9459 0.1007
1.6216 -5.6757 0.2171
-1.0811 5.6757 0.2261
2.7027 4.0541 0.3108
2.7027 1.6216 0.6703
1.0811 0.2703 2.4678
8.1081 6.2162 0.0752
2.7027 -3.7838 0.3387
-4.5946 -5.6757 0.1446
8.1081 -2.4324 0.1086
-3.5135 0.5405 0.5466
5.9459 -9.4595 0.0631
2.4324 -8.1081 0.1086
9.7297 4.3243 0.0693
-3.7838 -9.7297 0.0721
-6.2162 -8.3784 0.0722
9.7297 6.7568 0.0562
9.4595 1.8919 0.0842
-6.4865 8.3784 0.0700
4.8649 -7.5676 0.0965
-3.7838 9.4595 0.0756
6.7568 -4.0541 0.1248
6.4865 9.4595 0.0599
-4.3243 -5.9459 0.1427
6.2162 -4.0541 0.1402
4.5946 -4.5946 0.1809
-9.7297 -5.1351 0.0650
-0.2703 -0.2703 3.7277
-6.4865 -2.9730 0.1512
-7.8378 -8.1081 0.0619
1.8919 1.0811 1.1855
2.1622 2.7027 0.5723
4.5946 -4.8649 0.1710
-4.8649 0.5405 0.3082
10.0000 -6.7568 0.0542
4.5946 1.0811 0.3295
-6.4865 7.2973 0.0822
-5.9459 -4.8649 0.1311
-1.0811 -7.2973 0.1418
3.7838 7.8378 0.1029
2.1622 9.4595 0.0832
-8.3784 -9.7297 0.0479
8.1081 9.7297 0.0493
1.8919 7.0270 0.1456
10.0000 10.0000 0.0396
-3.5135 4.8649 0.2105
-9.4595 -3.5135 0.0771
-4.8649 4.5946 0.1710
6.2162 1.0811 0.1913
-4.3243 5.1351 0.1700
-9.1892 2.4324 0.0866
-9.7297 5.6757 0.0621
-8.3784 -9.1892 0.0511
-1.8919 -0.8108 1.2827
-6.2162 -6.4865 0.0967
-7.5676 -8.3784 0.0618
-5.6757 -9.1892 0.0674
1.8919 -1.8919 0.8735
4.8649 -1.6216 0.2827
-3.2432 -7.8378 0.1082
0.2703 1.8919 1.4154
-4.5946 -1.8919 0.2997
-6.4865 -5.6757 0.1049
7.5676 -4.3243 0.1026
7.2973 -10.0000 0.0515
1.3514 6.2162 0.1884
2.7027 0.2703 0.8531
5.6757 -6.2162 0.1098
0.5405 -5.1351 0.2791
-1.3514 -5.4054 0.2421
4.3243 8.9189 0.0798
-2.7027 -7.5676 0.1202
-8.1081 4.8649 0.0875
1.3514 4.3243 0.3551
1.8919 0.8108 1.2827
-10.0000 1.0811 0.0775
-7.8378 -3.7838 0.1029
-1.8919 -2.9730 0.5549
3.7838 -7.2973 0.1150
0.0000 4.5946 0.3462
-7.8378 1.6216 0.1211
-8.3784 -5.9459 0.0744
-7.8378 -0.5405 0.1255
9.4595 2.1622 0.0832
-8.6486 6.7568 0.0653
9.1892 8.6486 0.0496
-4.0541 -5.1351 0.1786
0.5405 -2.7027 0.8336
-3.7838 -0.2703 0.4881
-4.5946 8.6486 0.0817
-9.7297 4.5946 0.0679
0.8108 7.8378 0.1248
-7.2973 -1.6216 0.1382
-2.9730 5.1351 0.2150
-9.1892 10.0000 0.0429
-0.2703 -4.0541 0.4322
5.6757 1.3514 0.2220
4.8649 -1.0811 0.2981
7.8378 -2.9730 0.1107
2.4324 -4.5946 0.2756
-7.5676 -2.7027 0.1202
-9.7297 1.6216 0.0806
4.5946 4.3243 0.1913
-1.6216 -0.2703 1.7011
3.2432 3.5135 0.3218
0.2703 3.2432 0.6353
5.1351 8.6486 0.0775
4.3243 2.4324 0.3006
3.2432 -4.3243 0.2563
-5.4054 -2.7027 0.2077
-6.7568 2.9730 0.1416
-3.2432 3.5135 0.3218
-2.1622 -6.7568 0.1529
8.9189 -1.0811 0.0967
0.0000 -2.7027 0.8598
6.4865 5.4054 0.1092
-7.5676 3.5135 0.1117
5.1351 -8.3784 0.0812
4.3243 -8.3784 0.0880
-0.8108 -10.0000 0.0779
7.0270 -5.9459 0.0922
-0.2703 0.0000 3.8591
-1.0811 0.2703 2.4678
-4.3243 6.4865 0.1274
-8.6486 -5.4054 0.0755
6.4865 -9.4595 0.0599
5.6757 -7.5676 0.0874
-8.3784 4.8649 0.0835
-8.1081 1.0811 0.1161
-3.2432 -5.9459 0.1671
-8.3784 -4.0541 0.0903
-3.7838 1.8919 0.4021
-3.5135 -5.6757 0.1718
-2.4324 -2.7027 0.5256
0.8108 -0.2703 2.9299
1.8919 3.2432 0.4970
5.6757 8.6486 0.0734
4.5946 -7.0270 0.1104
4.5946 3.5135 0.2256
3.7838 2.1622 0.3811
-2.1622 2.4324 0.6353
7.0270 8.1081 0.0683
-7.8378 -1.8919 0.1194
4.8649 -8.1081 0.0875
-3.5135 -3.5135 0.2997
-2.7027 4.0541 0.3108
8.1081 9.1892 0.0526
2.9730 7.8378 0.1107
6.4865 0.8108 0.1788
-9.4595 2.9730 0.0797
-8.9189 -7.0270 0.0611
-1.6216 -9.4595 0.0850
8.6486 4.3243 0.0838
5.4054 1.6216 0.2364
-1.0811 7.2973 0.1418
9.4595 3.7838 0.0756
7.0270 0.8108 0.1537
9.1892 10.0000 0.0429
9.4595 -1.8919 0.0842
1.6216 -0.8108 1.5131
-9.1892 0.8108 0.0918
-3.5135 -2.7027 0.3695
3.7838 -5.9459 0.1548
4.0541 -3.5135 0.2599
-2.9730 2.4324 0.4775
-2.9730 -5.4054 0.1997
3.5135 4.5946 0.2256
1.0811 9.7297 0.0818
-9.7297 -3.5135 0.0734
-7.8378 -2.9730 0.1107
-0.5405 -2.9730 0.7187
1.3514 -6.2162 0.1884
-0.8108 2.9730 0.6959
8.3784 -3.5135 0.0946
4.0541 -6.2162 0.1402
5.9459 -7.0270 0.0922
5.6757 4.0541 0.1580
5.4054 7.8378 0.0863
-8.1081 -2.1622 0.1105
-8.3784 -3.2432 0.0967
-6.4865 4.8649 0.1181
-8.3784 -3.7838 0.0925
5.6757 1.6216 0.2171
4.5946 -9.1892 0.0744
-4.8649 -2.9730 0.2318
-3.7838 -7.5676 0.1087
-0.5405 -2.1622 1.1482
4.3243 -5.4054 0.1603
-7.0270 -3.2432 0.1292
2.9730 8.1081 0.1045
-10.0000 7.0270 0.0528
-0.8108 -1.8919 1.2827
0.0000 -0.8108 3.0104
9.1892 2.7027 0.0853
9.7297 6.2162 0.0591
-5.9459 1.6216 0.2001
2.9730 1.6216 0.5940
-2.9730 6.7568 0.1416
10.0000 0.0000 0.0784
-1.6216 3.7838 0.4222
2.7027 -6.2162 0.1669
1.3514 0.8108 1.7843
3.5135 -7.0270 0.1255
4.5946 1.6216 0.3108
4.8649 -4.8649 0.1622
-2.4324 0.8108 0.9330
-5.4054 7.5676 0.0904
-2.4324 4.0541 0.3285
0.2703 8.6486 0.1041
-1.3514 -2.1622 0.9411
2.9730 2.9730 0.4066
-3.7838 6.7568 0.1291
-1.8919 4.3243 0.3295
8.6486 6.7568 0.0653
-7.2973 10.0000 0.0515
0.8108 -6.7568 0.1656
1.3514 4.0541 0.3948
-6.7568 1.3514 0.1617
-6.2162 -1.8919 0.1809
9.1892 -9.7297 0.0442
2.1622 8.1081 0.1105
9.7297 -8.1081 0.0493
-1.6216 -7.2973 0.1382
-4.3243 8.9189 0.0798
10.0000 -0.8108 0.0779
-2.7027 -5.9459 0.1791
4.8649 5.1351 0.1537
-3.5135 -3.2432 0.3218
2.1622 -5.1351 0.2421
2.9730 5.1351 0.2150
8.6486 7.5676 0.0597
5.4054 -3.2432 0.1917
-4.8649 -7.0270 0.1066
0.8108 -6.4865 0.1788
-3.2432 9.1892 0.0825
-5.6757 2.1622 0.2057
1.0811 -2.1622 1.0199
-5.9459 0.5405 0.2125
-2.7027 0.2703 0.8531
0.8108 3.7838 0.4713
-1.6216 -1.3514 1.2392
-2.4324 -8.3784 0.1024
-8.9189 9.7297 0.0454
-1.6216 7.5676 0.1292
-9.7297 -4.0541 0.0707
8.3784 2.4324 0.1024
7.0270 -5.6757 0.0957
8.3784 2.7027 0.1006
8.6486 3.2432 0.0916
4.0541 2.1622 0.3462
-3.7838 2.7027 0.3387
6.7568 -3.7838 0.1291
9.4595 -7.0270 0.0568
-1.0811 0.0000 2.5247
2.9730 -6.7568 0.1416
4.5946 7.5676 0.0995
2.1622 -6.4865 0.1641
1.0811 6.4865 0.1768
0.5405 5.1351 0.2791
-5.6757 -8.6486 0.0734
-4.3243 4.0541 0.2154
2.9730 -5.1351 0.2150
2.4324 -4.0541 0.3285
-8.1081 -6.4865 0.0728
2.4324 1.0811 0.8805
-1.8919 -2.7027 0.6209
2.7027 4.5946 0.2630
-2.7027 3.2432 0.4036
1.0811 -7.8378 0.1238
-10.0000 0.5405 0.0782
4.0541 -0.2703 0.4322
2.1622 -0.8108 1.0911
7.5676 -0.2703 0.1348
5.6757 -8.9189 0.0703
-1.0811 7.0270 0.1522
7.2973 8.6486 0.0615
-10.0000 1.3514 0.0771
3.7838 -9.4595 0.0756
9.4595 4.8649 0.0695
-4.3243 -2.4324 0.3006
2.7027 -8.9189 0.0900
5.6757 3.7838 0.1648
2.1622 -7.2973 0.1335
2.7027 -1.3514 0.7187
-0.2703 -7.8378 0.1260
10.0000 6.2162 0.0569
0.0000 -6.2162 0.1968
-1.3514 5.4054 0.2421
-4.0541 -4.5946 0.2023
7.2973 -6.4865 0.0822
-6.2162 -9.1892 0.0640
0.8108 -8.6486 0.1033
3.2432 7.8378 0.1082
6.2162 5.6757 0.1098
-3.2432 5.6757 0.1788
10.0000 4.3243 0.0663
9.1892 7.8378 0.0541
-8.1081 8.1081 0.0599
-0.2703 -7.2973 0.1446
-6.4865 -2.4324 0.1600
7.0270 -4.3243 0.1142
3.2432 -3.5135 0.3218
8.9189 -6.4865 0.0647
-4.8649 9.7297 0.0665
0.2703 7.2973 0.1446
-1.0811 6.7568 0.1639
-0.2703 1.0811 2.4678
2.1622 6.4865 0.1641
1.8919 10.0000 0.0758
-0.2703 -2.9730 0.7332
-4.3243 9.4595 0.0726
0.0000 1.3514 2.0909
6.7568 4.0541 0.1248
-7.5676 1.0811 0.1324
0.8108 7.2973 0.1431
5.9459 7.0270 0.0922
-2.4324 -6.4865 0.1600
4.8649 -1.3514 0.2910
-7.5676 -6.4865 0.0789
5.6757 -2.1622 0.2057
8.9189 8.9189 0.0497
-7.8378 -8.3784 0.0599
0.8108 -2.1622 1.0911
-3.2432 5.1351 0.2057
8.6486 5.4054 0.0755
5.4054 -1.0811 0.2470
-5.1351 2.7027 0.2243
0.0000 6.2162 0.1968
-2.7027 2.9730 0.4409
-3.2432 5.9459 0.1671
-7.8378 5.9459 0.0810
6.2162 4.0541 0.1402
2.9730 -4.8649 0.2318
8.6486 -5.4054 0.0755
-0.5405 7.0270 0.1548
-4.0541 -7.0270 0.1180
-1.8919 10.0000 0.0758
0.2703 -3.2432 0.6353
1.3514 -2.1622 0.9411
-6.2162 8.6486 0.0693
-5.9459 -7.0270 0.0922
-4.3243 1.6216 0.3429
-0.2703 10.0000 0.0784
-4.3243 7.0270 0.1142
9.1892 -3.5135 0.0810
-5.4054 -0.2703 0.2557
-8.6486 -9.1892 0.0496
-3.5135 -4.8649 0.2105
-7.5676 8.9189 0.0576
-0.5405 8.6486 0.1038
0.0000 10.0000 0.0784
1.3514 1.8919 1.0803
-1.6216 -6.2162 0.1849
-8.9189 -2.4324 0.0915
8.6486 -2.7027 0.0951
-8.3784 -5.6757 0.0766
-1.8919 5.1351 0.2504
-4.3243 1.3514 0.3551
-7.5676 -5.1351 0.0934
-9.4595 -6.2162 0.0615
2.4324 4.8649 0.2533
-6.7568 8.1081 0.0705
-9.4595 -5.1351 0.0679
-8.9189 6.2162 0.0666
-4.5946 2.4324 0.2756
-3.7838 8.6486 0.0878
-8.6486 9.4595 0.0481
5.6757 -6.4865 0.1049
7.0270 -4.8649 0.1066
-7.2973 1.8919 0.1360
1.3514 3.2432 0.5577
-0.5405 5.6757 0.2318
8.3784 5.6757 0.0766
-7.2973 -0.2703 0.1446
10.0000 2.7027 0.0732
-1.6216 -2.9730 0.5940
2.4324 -9.1892 0.0866
1.8919 -0.5405 1.3625
9.4595 8.3784 0.0495
-6.4865 4.0541 0.1322
-4.5946 -1.3514 0.3208
6.4865 -4.8649 0.1181
0.2703 4.3243 0.3851
3.5135 -7.5676 0.1117
-2.1622 -1.8919 0.7802
0.8108 -6.2162 0.1937
-3.2432 -7.2973 0.1216
-2.4324 6.7568 0.1493
-10.0000 8.6486 0.0452
-0.5405 -8.3784 0.1104
-2.1622 5.4054 0.2229
5.4054 -2.9730 0.1997
0.8108 2.1622 1.0911
-2.7027 6.7568 0.1456
1.8919 -1.6216 0.9746
-9.7297 -9.7297 0.0418
-2.7027 -1.8919 0.6209
8.9189 0.5405 0.0978
4.0541 5.4054 0.1679
-9.1892 1.3514 0.0906
0.2703 4.5946 0.3451
-1.3514 3.7838 0.4409
-8.6486 8.3784 0.0544
8.6486 6.2162 0.0693
-7.5676 6.2162 0.0817
6.4865 1.6216 0.1713
0.0000 -7.2973 0.1448
1.0811 4.0541 0.4081
-2.7027 -2.7027 0.4817
-5.1351 5.9459 0.1255
-1.3514 -5.1351 0.2649
-4.8649 -8.9189 0.0760
0.5405 -1.6216 1.6254
-4.3243 -7.2973 0.1082
-3.5135 -8.6486 0.0897
-2.7027 -8.6486 0.0951
9.1892 1.6216 0.0898
-8.1081 -8.1081 0.0599
9.7297 -7.8378 0.0506
1.6216 4.5946 0.3108
6.2162 -4.3243 0.1348
-4.5946 5.1351 0.1617
-5.4054 6.2162 0.1145
-4.0541 -9.7297 0.0707
8.6486 -7.5676 0.0597
-5.1351 -0.8108 0.2756
9.4595 1.3514 0.0857
1.6216 8.9189 0.0950
7.5676 4.5946 0.0995
6.2162 -9.1892 0.0640
-6.4865 -0.8108 0.1788
1.3514 6.4865 0.1743
-5.9459 1.8919 0.1954
-1.8919 5.6757 0.2117
-4.3243 1.8919 0.3295
0.2703 4.8649 0.3108
-2.7027 0.5405 0.8336
-8.6486 8.6486 0.0528
-6.4865 -3.5135 0.1418
-6.2162 7.5676 0.0817
2.7027 -2.1622 0.5723
0.0000 -4.3243 0.3865
-2.4324 3.5135 0.3948
3.5135 -2.9730 0.3451
1.3514 -0.2703 2.0517
7.8378 -8.3784 0.0599
1.8919 9.1892 0.0889
-4.0541 9.4595 0.0741
-7.8378 6.7568 0.0733
-3.7838 -5.6757 0.1648
4.0541 -1.6216 0.3798
10.0000 -9.7297 0.0407
0.0000 -5.4054 0.2563
6.4865 3.2432 0.1465
0.8108 -8.9189 0.0973
6.7568 6.2162 0.0927
3.7838 4.8649 0.2001
-2.7027 4.8649 0.2426
1.3514 2.1622 0.9411
-8.3784 -9.4595 0.0495
8.9189 4.5946 0.0779
-5.4054 -5.1351 0.1389
0.2703 5.9459 0.2137
0.8108 3.2432 0.6072
-8.9189 8.9189 0.0497
7.2973 3.5135 0.1184
7.5676 -2.1622 0.1251
-2.9730 -6.7568 0.1416
0.5405 -8.6486 0.1038
3.2432 1.6216 0.5281
6.7568 -7.8378 0.0733
3.5135 8.3784 0.0946
-4.5946 -5.1351 0.1617
-10.0000 3.2432 0.0711
-3.2432 2.4324 0.4339
9.4595 2.7027 0.0810
-5.1351 -1.3514 0.2649
0.5405 4.5946 0.3418
-8.3784 7.0270 0.0658
5.1351 -9.1892 0.0709
5.6757 5.6757 0.1204
8.6486 4.5946 0.0817
-10.0000 0.8108 0.0779
-3.7838 1.0811 0.4575
8.6486 -2.4324 0.0967
6.2162 4.3243 0.1348
1.3514 9.1892 0.0906
-1.6216 -9.1892 0.0898
-10.0000 -8.9189 0.0441
0.2703 -8.3784 0.1107
-8.9189 0.0000 0.0981
-6.7568 -0.8108 0.1656
-8.6486 0.8108 0.1033
8.1081 0.0000 0.1181
-0.5405 -5.9459 0.2125
-1.0811 -10.0000 0.0775
-1.0811 4.3243 0.3658
2.1622 -1.3514 0.9411
-1.6216 -4.5946 0.3108
-7.0270 -7.2973 0.0765
-1.6216 8.9189 0.0950
6.2162 -2.4324 0.1718
6.2162 -7.0270 0.0889
8.3784 -4.5946 0.0857
-7.5676 -2.1622 0.1251
8.6486 -6.7568 0.0653
7.5676 -3.7838 0.1087
3.7838 1.8919 0.4021
-2.9730 -5.6757 0.1858
-6.2162 2.9730 0.1617
4.3243 3.2432 0.2563
3.7838 7.2973 0.1150
-5.6757 -9.7297 0.0621
-3.5135 -10.0000 0.0700
-7.0270 0.5405 0.1548
-6.4865 -2.1622 0.1641
-0.5405 0.5405 3.0955
-2.1622 2.1622 0.7049
-5.6757 -4.5946 0.1446
-8.9189 0.5405 0.0978
4.5946 -1.3514 0.3208
1.6216 -1.6216 1.1020
5.6757 5.9459 0.1150
5.9459 -2.4324 0.1849
-6.7568 6.2162 0.0927
8.3784 -0.2703 0.1107
-7.0270 -9.7297 0.0548
2.9730 10.0000 0.0722
-8.1081 7.5676 0.0640
-1.3514 -1.3514 1.4154
-3.2432 -9.4595 0.0784
4.5946 8.9189 0.0779
-0.8108 4.0541 0.4190
-4.8649 5.6757 0.1382
-0.5405 -1.3514 1.9425
-9.7297 -1.0811 0.0818
3.7838 -5.1351 0.1874
5.6757 -0.2703 0.2333
-2.1622 4.8649 0.2637
-7.2973 9.7297 0.0534
-0.5405 4.3243 0.3811
1.3514 4.5946 0.3208
-7.0270 -5.4054 0.0993
6.4865 7.0270 0.0856
-5.4054 4.5946 0.1529
0.5405 -5.4054 0.2539
-6.4865 2.1622 0.1641
0.2703 -10.0000 0.0784
6.2162 7.0270 0.0889
0.5405 1.3514 1.9425
-8.3784 -2.9730 0.0987
-6.2162 6.7568 0.0927
-1.0811 1.6216 1.3797
-5.6757 -4.0541 0.1580
5.4054 -10.0000 0.0610
-2.4324 -2.9730 0.4775
-10.0000 5.9459 0.0582
2.1622 -4.5946 0.2879
4.5946 -9.4595 0.0711
4.3243 3.5135 0.2421
-7.2973 5.9459 0.0883
-5.4054 7.2973 0.0947
-9.7297 -5.9459 0.0606
-5.4054 0.0000 0.2563
8.6486 -5.1351 0.0775
6.7568 -4.8649 0.1122
-5.1351 -1.6216 0.2581
5.4054 0.0000 0.2563
-5.9459 -3.5135 0.1610
1.3514 -8.3784 0.1081
8.3784 -1.6216 0.1069
-2.9730 -2.7027 0.4409
-7.8378 8.3784 0.0599
4.8649 -6.2162 0.1244
-7.0270 6.4865 0.0856
-6.7568 7.2973 0.0793
4.5946 -6.7568 0.1163
4.3243 -7.0270 0.1142
6.2162 -9.4595 0.0615
-5.4054 -3.5135 0.1836
-9.7297 -4.3243 0.0693
5.6757 -2.7027 0.1927
-9.7297 -7.0270 0.0548
-8.6486 -1.3514 0.1017
8.3784 -9.1892 0.0511
-7.0270 10.0000 0.0528
3.5135 -5.1351 0.1965
4.0541 3.5135 0.2599
6.7568 -4.3243 0.1206
2.9730 -5.4054 0.1997
1.3514 -4.3243 0.3551
0.8108 -7.0270 0.1537
7.8378 7.0270 0.0709
7.2973 1.0811 0.1418
-6.7568 -8.6486 0.0653
-8.3784 -0.2703 0.1107
4.5946 6.7568 0.1163
-6.7568 5.1351 0.1081
-6.7568 5.6757 0.1002
5.6757 -9.1892 0.0674
2.1622 -2.7027 0.5723
-4.0541 -1.3514 0.3948
5.6757 9.7297 0.0621
-4.5946 -2.7027 0.2630
4.0541 9.1892 0.0778
-8.9189 -2.1622 0.0928
3.5135 -10.0000 0.0700
-5.6757 -1.0811 0.2261
6.7568 2.7027 0.1456
-7.2973 -7.0270 0.0765
-6.2162 7.8378 0.0784
8.6486 1.3514 0.1017
-8.3784 -6.2162 0.0722
0.0000 2.4324 1.0105
-7.2973 3.7838 0.1150
-7.8378 -5.1351 0.0891
9.1892 -5.6757 0.0674
-7.0270 7.0270 0.0794
4.0541 -3.2432 0.2763
4.3243 6.7568 0.1206
5.1351 -2.1622 0.2421
8.1081 0.8108 0.1170
6.2162 5.9459 0.1053
-5.9459 8.9189 0.0684
1.6216 5.4054 0.2364
-2.1622 7.8378 0.1175
7.8378 4.8649 0.0918
8.9189 -9.7297 0.0454
1.0811 -4.3243 0.3658
-9.4595 6.2162 0.0615
3.2432 -7.2973 0.1216
-5.6757 -6.4865 0.1049
3.5135 10.0000 0.0700
-6.7568 0.8108 0.1656
4.5946 9.1892 0.0744
-2.9730 -4.3243 0.2708
-0.5405 2.9730 0.7187
1.8919 -8.1081 0.1122
-2.9730 -8.6486 0.0934
-1.6216 -7.8378 0.1211
-2.1622 8.9189 0.0928
9.7297 0.0000 0.0828
-7.5676 0.2703 0.1348
-6.7568 -10.0000 0.0542
-7.8378 5.1351 0.0891
2.9730 -2.9730 0.4066
8.9189 -4.8649 0.0760
7.5676 -7.2973 0.0711
2.1622 -7.5676 0.1251
5.6757 3.5135 0.1718
-0.2703 -1.3514 2.0517
-7.5676 -3.7838 0.1087
-7.8378 0.2703 0.1260
6.4865 -1.0811 0.1768
8.3784 9.7297 0.0479
3.7838 0.2703 0.4881
-2.4324 -3.2432 0.4339
7.8378 1.0811 0.1238
2.7027 3.7838 0.3387
2.7027 5.4054 0.2077
-2.1622 0.0000 1.1985
-2.7027 6.2162 0.1669
-0.2703 -5.1351 0.2813
5.9459 3.5135 0.1610
-5.1351 -5.1351 0.1461
1.6216 -1.0811 1.3797
4.0541 -1.8919 0.3634
-2.4324 -0.8108 0.9330
7.5676 -2.4324 0.1227
1.3514 -5.4054 0.2421
-8.6486 7.5676 0.0597
2.4324 0.0000 1.0105
4.8649 -0.8108 0.3039
8.9189 -0.8108 0.0973
7.0270 -9.1892 0.0589
4.3243 8.1081 0.0925
2.4324 7.2973 0.1308
-6.2162 6.4865 0.0967
4.3243 -7.8378 0.0974
-1.3514 4.5946 0.3208
-0.5405 -5.1351 0.2791
-0.8108 9.4595 0.0868
1.8919 6.7568 0.1561
-8.1081 -1.0811 0.1161
5.4054 3.2432 0.1917
5.6757 -1.3514 0.2220
6.2162 6.2162 0.1009
-3.2432 -4.8649 0.2211
-1.8919 0.5405 1.3625
2.4324 5.1351 0.2333
-1.0811 8.3784 0.1090
-7.5676 -0.5405 0.1343
2.9730 -7.0270 0.1329
-8.3784 -7.8378 0.0599
10.0000 8.9189 0.0441
-0.2703 4.3243 0.3851
-2.7027 8.6486 0.0951
8.6486 -3.5135 0.0897
-4.0541 5.9459 0.1487
1.8919 8.1081 0.1122
-2.1622 1.0811 1.0199
0.8108 9.4595 0.0868
-1.6216 8.1081 0.1137
-6.4865 10.0000 0.0555
1.6216 1.8919 0.9746
-4.8649 3.2432 0.2211
9.7297 -0.5405 0.0825
6.4865 2.9730 0.1512
-5.4054 -1.8919 0.2299
-4.8649 -5.4054 0.1458
-5.9459 -9.7297 0.0606
-4.0541 -9.1892 0.0778
9.7297 -7.0270 0.0548
-2.1622 -3.2432 0.4653
8.9189 4.8649 0.0760
-1.3514 -10.0000 0.0771
-1.0811 7.8378 0.1238
-7.2973 -7.2973 0.0737
-9.4595 5.6757 0.0647
2.1622 -5.6757 0.2057
7.8378 5.6757 0.0836
-2.9730 1.3514 0.6317
-6.4865 8.1081 0.0728
6.2162 -5.9459 0.1053
8.9189 2.7027 0.0900
1.6216 6.4865 0.1713
2.4324 1.6216 0.7586
5.1351 9.7297 0.0650
6.2162 7.8378 0.0784
-3.7838 -10.0000 0.0688
5.1351 4.8649 0.1537
-6.2162 7.2973 0.0852
0.0000 5.1351 0.2820
2.9730 -7.2973 0.1248
4.8649 1.6216 0.2827
1.3514 1.0811 1.6016
7.8378 8.6486 0.0579
-0.2703 4.0541 0.4322
3.7838 9.1892 0.0794
0.8108 1.8919 1.2827
-1.0811 1.0811 1.8444
-5.4054 3.2432 0.1917
8.3784 -8.3784 0.0562
-6.4865 6.2162 0.0967
-1.8919 -1.6216 0.9746
3.5135 5.1351 0.1965
0.2703 -9.1892 0.0925
-3.5135 7.2973 0.1184
-3.5135 -8.9189 0.0852
-4.3243 -2.9730 0.2708
-0.2703 0.2703 3.7277
-4.0541 3.5135 0.2599
-9.7297 0.2703 0.0827
6.4865 -3.5135 0.1418
-1.3514 -9.7297 0.0812
0.2703 0.8108 2.9299
-9.1892 -1.3514 0.0906
1.8919 -3.5135 0.4463
2.4324 -8.3784 0.1024
-8.6486 -7.0270 0.0634
8.1081 8.9189 0.0543
4.5946 2.7027 0.2630
3.2432 -6.2162 0.1564
5.9459 4.8649 0.1311
5.1351 2.1622 0.2421
-8.3784 6.7568 0.0679
-4.3243 -0.8108 0.3746
-2.4324 1.8919 0.6959
7.2973 -8.1081 0.0661
0.0000 8.1081 0.1181
-8.1081 -6.7568 0.0705
-4.5946 2.9730 0.2504
6.2162 -3.7838 0.1456
-3.5135 7.0270 0.1255
6.4865 1.8919 0.1679
7.5676 -2.7027 0.1202
8.9189 -4.0541 0.0816
2.7027 8.6486 0.0951
-1.3514 1.6216 1.2392
-1.0811 9.4595 0.0863
6.7568 -6.7568 0.0857
-4.5946 -1.0811 0.3295
7.8378 -3.2432 0.1082
-3.2432 -8.6486 0.0916
-4.0541 0.8108 0.4190
9.1892 -8.9189 0.0482
-4.0541 5.4054 0.1679
-6.2162 5.9459 0.1053
-3.5135 8.3784 0.0946
-4.0541 -1.8919 0.3634
-3.7838 -5.1351 0.1874
1.8919 -7.0270 0.1456
5.1351 1.6216 0.2581
7.8378 -3.5135 0.1056
-7.0270 -1.6216 0.1481
2.9730 -4.5946 0.2504
-0.5405 8.3784 0.1104
-6.7568 0.5405 0.1669
-0.5405 -4.0541 0.4272
-8.1081 5.6757 0.0800
5.4054 -6.4865 0.1092
-4.5946 -4.5946 0.1809
8.3784 -3.2432 0.0967
-1.6216 -0.5405 1.6254
8.6486 9.4595 0.0481
5.4054 8.9189 0.0722
-5.1351 -8.3784 0.0812
3.7838 -6.2162 0.1456
8.9189 -7.2973 0.0593
-6.4865 5.9459 0.1007
-8.1081 6.7568 0.0705
-9.7297 9.7297 0.0418
-0.2703 6.2162 0.1965
-8.6486 1.8919 0.0995
1.6216 -9.7297 0.0806
-3.7838 7.2973 0.1150
-4.5946 6.4865 0.1227
9.7297 -7.2973 0.0534
1.8919 0.2703 1.4154
1.0811 8.9189 0.0967
10.0000 5.1351 0.0623
-0.8108 7.2973 0.1431
-5.4054 -5.6757 0.1261
-7.8378 4.0541 0.1002
10.0000 4.0541 0.0675
7.8378 -9.4595 0.0523
5.9459 3.7838 0.1548
-7.8378 7.8378 0.0641
-7.2973 -4.8649 0.1014
-10.0000 -6.2162 0.0569
5.1351 -4.5946 0.1617
-9.1892 6.7568 0.0606
6.7568 -0.8108 0.1656
-3.2432 -3.2432 0.3473
4.0541 -3.7838 0.2443
-6.4865 -3.2432 0.1465
-9.1892 5.6757 0.0674
-9.7297 -8.3784 0.0479
1.8919 -9.4595 0.0842
-4.8649 -5.9459 0.1311
9.1892 -7.5676 0.0557
-0.2703 -4.5946 0.3451
-9.1892 6.2162 0.0640
7.8378 -10.0000 0.0490
8.1081 -6.7568 0.0705
-2.7027 -1.6216 0.6703
-1.3514 0.2703 2.0517
-3.7838 -3.5135 0.2791
-3.7838 0.0000 0.4903
3.7838 2.4324 0.3598
-0.2703 1.6216 1.7011
-7.0270 1.3514 0.1504
-1.3514 0.8108 1.7843
2.9730 -0.5405 0.7187
-9.1892 0.2703 0.0925
3.5135 9.4595 0.0771
6.4865 -4.5946 0.1227
5.9459 5.4054 0.1202
-2.1622 -7.8378 0.1175
7.2973 -2.7027 0.1279
7.5676 1.3514 0.1309
3.5135 5.4054 0.1836
2.4324 -0.2703 1.0013
7.2973 9.4595 0.0553
4.3243 -8.9189 0.0798
1.3514 5.6757 0.2220
-10.0000 2.1622 0.0750
-5.6757 5.9459 0.1150
-6.4865 9.4595 0.0599
-8.9189 0.8108 0.0973
3.7838 -2.7027 0.3387
-9.7297 3.5135 0.0734
-5.9459 -10.0000 0.0582
-4.5946 3.2432 0.2379
-8.9189 -5.6757 0.0703
-6.7568 2.1622 0.1529
-7.0270 -2.1622 0.1427
4.0541 7.5676 0.1057
7.5676 -4.0541 0.1057
-9.1892 -5.1351 0.0709
-4.3243 -4.5946 0.1913
-5.6757 4.5946 0.1446
9.4595 -4.5946 0.0711
-2.4324 10.0000 0.0741
5.4054 -2.7027 0.2077
-0.8108 3.7838 0.4713
0.8108 9.1892 0.0918
-7.2973 7.8378 0.0686
7.5676 -8.3784 0.0618
3.7838 5.1351 0.1874
8.6486 -4.8649 0.0796
-2.9730 2.7027 0.4409
-4.8649 0.8108 0.3039
7.2973 -7.5676 0.0711
9.1892 -2.9730 0.0840
-9.1892 2.7027 0.0853
-4.8649 -8.3784 0.0835
-6.2162 -5.9459 0.1053
-4.8649 9.1892 0.0727
9.1892 1.8919 0.0889
-2.7027 -5.4054 0.2077
1.6216 -5.9459 0.2001
-0.2703 2.4324 1.0013
1.6216 7.5676 0.1292
-9.7297 -6.2162 0.0591
6.7568 -1.3514 0.1617
3.2432 -8.6486 0.0916
9.7297 -5.1351 0.0650
7.8378 0.2703 0.1260
5.1351 -9.4595 0.0679
7.0270 6.2162 0.0889
-8.3784 10.0000 0.0465
6.4865 -9.7297 0.0577
1.0811 3.7838 0.4575
2.9730 0.5405 0.7187
8.3784 3.2432 0.0967
2.4324 -8.6486 0.0967
1.8919 4.8649 0.2735
-5.4054 -4.0541 0.1679
0.8108 6.7568 0.1656
3.7838 1.3514 0.4409
2.7027 6.4865 0.1557
3.5135 -2.7027 0.3695
1.8919 -2.1622 0.7802
-8.1081 5.1351 0.0850
-8.6486 5.1351 0.0775
2.4324 -2.1622 0.6353
2.9730 -2.7027 0.4409
-5.6757 -8.1081 0.0800
8.1081 2.7027 0.1066
-8.6486 -0.8108 0.1033
-0.2703 -7.0270 0.1555
-8.1081 3.7838 0.0975
-5.9459 -7.2973 0.0883
-1.8919 -7.5676 0.1273
9.4595 -2.4324 0.0821
4.8649 1.8919 0.2735
8.1081 -0.2703 0.1180
0.5405 6.2162 0.1954
-4.8649 -9.4595 0.0695
-9.1892 -5.4054 0.0692
6.7568 8.3784 0.0679
-4.3243 2.4324 0.3006
6.2162 6.4865 0.0967
5.6757 -9.7297 0.0621
9.4595 5.6757 0.0647
7.8378 -0.2703 0.1260
-4.0541 -7.8378 0.1002
-2.9730 1.8919 0.5549
-2.9730 -0.2703 0.7332
-2.7027 4.5946 0.2630
9.4595 8.9189 0.0468
-7.5676 -2.4324 0.1227
-7.5676 -1.3514 0.1309
2.1622 -2.4324 0.6353
-1.0811 -4.5946 0.3295
-7.2973 4.3243 0.1082
-7.0270 0.2703 0.1555
5.4054 6.4865 0.1092
-0.2703 0.5405 3.3823
3.2432 -5.6757 0.1788
3.2432 5.9459 0.1671
0.8108 -9.4595 0.0868
-2.4324 6.4865 0.1600
-8.9189 5.6757 0.0703
3.2432 2.1622 0.4653
-7.0270 -5.6757 0.0957
6.2162 -1.8919 0.1809
8.9189 1.3514 0.0960
-4.0541 -8.6486 0.0858
-0.5405 6.7568 0.1669
-2.9730 -2.9730 0.4066
-1.3514 -0.2703 2.0517
3.2432 4.5946 0.2379
3.2432 -6.4865 0.1465
2.1622 1.6216 0.8598
-8.6486 9.7297 0.0467
-9.1892 3.5135 0.0810
-3.7838 -1.6216 0.4222
-5.4054 6.7568 0.1041
-3.2432 0.5405 0.6245
9.1892 4.3243 0.0761
-9.1892 -6.2162 0.0640
-6.7568 8.3784 0.0679
0.0000 6.4865 0.1815
9.1892 2.9730 0.0840
2.7027 1.8919 0.6209
-9.1892 9.4595 0.0455
7.0270 -1.0811 0.1522
-0.8108 -1.3514 1.7843
4.8649 -6.4865 0.1181
-5.1351 0.8108 0.2756
1.8919 -4.8649 0.2735
1.8919 -10.0000 0.0758
9.7297 -1.3514 0.0812
-8.1081 9.7297 0.0493
8.9189 7.2973 0.0593
5.6757 7.0270 0.0957
-9.7297 -1.8919 0.0798
-5.6757 5.6757 0.1204
-6.2162 -4.3243 0.1348
-8.6486 -8.3784 0.0544
2.9730 -8.1081 0.1045
-2.1622 10.0000 0.0750
-8.3784 -10.0000 0.0465
-3.2432 1.0811 0.5845
2.1622 4.8649 0.2637
-0.5405 5.4054 0.2539
-3.5135 -7.5676 0.1117
-3.7838 -2.4324 0.3598
-5.6757 3.5135 0.1718
-7.0270 -2.4324 0.1396
-5.9459 5.4054 0.1202
-0.2703 7.8378 0.1260
-0.8108 4.5946 0.3366
-2.9730 -9.7297 0.0758
-5.9459 4.5946 0.1368
1.3514 -2.4324 0.8211
10.0000 -3.2432 0.0711
6.2162 3.2432 0.1564
2.9730 8.3784 0.0987
9.7297 -9.7297 0.0418
5.4054 5.4054 0.1324
8.1081 8.3784 0.0580
2.7027 5.6757 0.1927
7.8378 -9.7297 0.0506
-0.5405 2.7027 0.8336
0.8108 -3.5135 0.5333
-2.1622 9.4595 0.0832
-1.8919 -3.2432 0.4970
-0.5405 7.5676 0.1343
8.9189 -7.8378 0.0560
-1.3514 7.0270 0.1504
-1.6216 7.2973 0.1382
2.7027 -3.2432 0.4036
3.7838 8.9189 0.0835
0.5405 -6.7568 0.1669
9.1892 -6.7568 0.0606
2.1622 -4.3243 0.3153
1.6216 -1.8919 0.9746
-5.6757 -2.9730 0.1858
-4.3243 -1.0811 0.3658
-5.9459 -2.1622 0.1903
-7.0270 7.2973 0.0765
-9.1892 -1.6216 0.0898
1.8919 5.1351 0.2504
-5.9459 7.8378 0.0810
-6.4865 -9.1892 0.0622
-10.0000 -9.4595 0.0418
-5.9459 -0.8108 0.2105
0.8108 7.0270 0.1537
2.9730 -9.4595 0.0797
8.3784 -0.5405 0.1104
-0.8108 -8.6486 0.1033
4.5946 -2.7027 0.2630
-0.2703 9.4595 0.0874
-4.5946 2.1622 0.2879
3.2432 0.5405 0.6245
2.7027 -7.8378 0.1131
4.3243 -10.0000 0.0663
7.8378 9.1892 0.0541
-5.1351 6.7568 0.1081
-0.5405 0.8108 2.7122
4.8649 0.5405 0.3082
-7.0270 -1.0811 0.1522
-3.5135 -0.8108 0.5333
9.7297 7.5676 0.0520
-5.4054 8.1081 0.0825
1.0811 10.0000 0.0775
6.2162 -2.1622 0.1765
5.9459 -7.8378 0.0810
3.5135 -5.6757 0.1718
7.8378 10.0000 0.0490
2.9730 7.2973 0.1248
9.1892 0.5405 0.0922
-6.4865 -4.0541 0.1322
-4.8649 -4.3243 0.1803
5.9459 4.0541 0.1487
-7.2973 7.0270 0.0765
5.1351 -5.6757 0.1321
8.3784 6.4865 0.0700
1.0811 -2.9730 0.6663
-6.4865 -4.3243 0.1274
-10.0000 -4.0541 0.0675
-4.5946 6.7568 0.1163
8.3784 1.0811 0.1090
-3.5135 8.9189 0.0852
1.6216 1.3514 1.2392
-6.4865 4.3243 0.1274
-9.4595 7.8378 0.0523
-9.4595 -0.8108 0.0868
-6.4865 -5.4054 0.1092
-0.2703 -1.8919 1.4154
-7.8378 -7.5676 0.0663
1.8919 -7.8378 0.1194
-5.1351 5.4054 0.1389
-7.2973 -1.8919 0.1360
3.7838 -3.5135 0.2791
8.1081 9.4595 0.0509
-10.0000 -1.3514 0.0771
-5.4054 1.3514 0.2421
-1.3514 -2.4324 0.8211
2.9730 5.4054 0.1997
-5.6757 -6.2162 0.1098
7.2973 -8.9189 0.0593
5.4054 0.2703 0.2557
2.1622 7.5676 0.1251
-5.9459 -8.1081 0.0776
-1.6216 4.3243 0.3429
-4.8649 7.5676 0.0965
-1.0811 -1.6216 1.3797
-3.2432 -0.2703 0.6353
-5.9459 10.0000 0.0582
-4.3243 -4.8649 0.1803
6.2162 9.4595 0.0615
7.8378 -3.7838 0.1029
-0.2703 6.7568 0.1676
-6.7568 -5.6757 0.1002
10.0000 -7.5676 0.0502
-2.4324 -3.5135 0.3948
7.8378 3.7838 0.1029
-3.5135 -5.4054 0.1836
-5.1351 10.0000 0.0623
9.7297 3.2432 0.0746
6.7568 9.7297 0.0562
9.7297 -3.7838 0.0721
1.0811 1.8919 1.1855
-7.8378 -7.2973 0.0686
4.5946 9.4595 0.0711
6.7568 3.2432 0.1375
5.1351 -6.4865 0.1136
-2.1622 -4.3243 0.3153
1.3514 -3.2432 0.5577
-10.0000 2.7027 0.0732
7.0270 2.1622 0.1427
-1.3514 -6.4865 0.1743
1.3514 7.0270 0.1504
7.5676 -6.2162 0.0817
-8.6486 -1.6216 0.1007
2.7027 4.8649 0.2426
2.9730 -8.9189 0.0885
-8.9189 -8.3784 0.0527
-3.2432 -4.5946 0.2379
2.7027 -0.2703 0.8531
-4.5946 -8.9189 0.0779
-1.0811 2.4324 0.8805
10.0000 -7.0270 0.0528
8.3784 -8.1081 0.0580
9.7297 -2.7027 0.0769
4.3243 0.5405 0.3811
9.1892 -8.6486 0.0496
5.4054 -0.8108 0.2510
7.0270 0.0000 0.1557
0.2703 -2.7027 0.8531
6.7568 9.1892 0.0606
4.8649 8.9189 0.0760
0.8108 -5.6757 0.2294
3.5135 -8.9189 0.0852
7.8378 5.9459 0.0810
-3.5135 -4.0541 0.2599
-8.3784 -8.9189 0.0527
6.2162 8.9189 0.0666
-9.4595 -6.7568 0.0583
7.2973 3.7838 0.1150
9.7297 8.3784 0.0479
-9.1892 9.7297 0.0442
1.0811 -8.3784 0.1090
-3.7838 -8.1081 0.0975
8.1081 5.9459 0.0776
8.6486 -10.0000 0.0452
5.1351 -3.2432 0.2057
2.9730 3.2432 0.3746
2.4324 -6.7568 0.1493
8.3784 0.8108 0.1098
-7.2973 -3.5135 0.1184
3.7838 5.6757 0.1648
-2.1622 5.1351 0.2421
-4.5946 4.8649 0.1710
2.4324 5.9459 0.1849
-4.8649 -2.7027 0.2426
-7.5676 4.8649 0.0965
-0.2703 9.1892 0.0925
4.8649 7.2973 0.1014
-0.5405 2.1622 1.1482
-8.3784 -1.0811 0.1090
-9.7297 -6.4865 0.0577
-2.4324 9.1892 0.0866
7.0270 -7.0270 0.0794
2.9730 0.0000 0.7381
-0.2703 -9.4595 0.0874
2.1622 0.2703 1.1855
-4.3243 0.0000 0.3865
-2.7027 5.4054 0.2077
-6.7568 -5.9459 0.0964
-1.0811 8.9189 0.0967
3.2432 2.4324 0.4339
7.2973 4.0541 0.1116
-7.2973 -7.8378 0.0686
-8.6486 -4.3243 0.0838
0.8108 3.5135 0.5333
-4.5946 -5.9459 0.1368
-6.7568 -4.8649 0.1122
2.7027 -7.5676 0.1202
7.2973 -4.5946 0.1048
-2.1622 2.7027 0.5723
3.7838 -2.1622 0.3811
-8.3784 6.2162 0.0722
-10.0000 -4.3243 0.0663
-1.0811 -6.7568 0.1639
8.1081 -1.3514 0.1150
6.4865 6.2162 0.0967
6.4865 7.5676 0.0789
0.2703 -5.9459 0.2137
-1.0811 -1.8919 1.1855
-6.7568 -8.9189 0.0629
-8.6486 5.6757 0.0734
-0.2703 7.2973 0.1446
-7.5676 0.0000 0.1350
-0.8108 -5.1351 0.2756
-7.0270 -4.5946 0.1104
2.9730 9.1892 0.0840
1.0811 -8.9189 0.0967
-9.7297 -7.8378 0.0506
4.8649 -0.2703 0.3108
2.1622 -1.8919 0.7802
-4.3243 -6.2162 0.1348
-6.4865 -9.4595 0.0599
0.0000 8.6486 0.1042
-3.7838 -5.9459 0.1548
-4.0541 2.1622 0.3462
2.4324 0.8108 0.9330
5.6757 0.2703 0.2333
-8.9189 -4.0541 0.0816
0.5405 -0.2703 3.3823
7.8378 6.7568 0.0733
-2.1622 -2.9730 0.5157
4.8649 2.4324 0.2533
2.9730 5.9459 0.1732
-6.7568 -2.7027 0.1456
0.8108 4.8649 0.3039
-6.7568 2.7027 0.1456
6.4865 -5.4054 0.1092
7.0270 -4.0541 0.1180
-3.7838 -7.2973 0.1150
8.9189 1.8919 0.0940
8.6486 -2.9730 0.0934
6.2162 -0.8108 0.1937
2.9730 5.6757 0.1858
-8.1081 0.8108 0.1170
-9.7297 -2.7027 0.0769
-8.9189 1.0811 0.0967
-10.0000 8.9189 0.0441
3.7838 -0.5405 0.4817
0.8108 5.4054 0.2510
7.5676 -7.5676 0.0686
9.1892 8.3784 0.0511
-4.5946 -3.7838 0.2137
0.2703 1.0811 2.4678
2.7027 -5.9459 0.1791
0.5405 -4.8649 0.3082
-8.3784 -4.5946 0.0857
-5.6757 3.7838 0.1648
6.2162 -7.5676 0.0817
-9.7297 -9.1892 0.0442
3.7838 0.8108 0.4713
3.2432 -0.5405 0.6245
-3.5135 -8.1081 0.0999
4.3243 2.9730 0.2708
0.0000 -7.5676 0.1350
8.1081 2.9730 0.1045
1.3514 9.4595 0.0857
1.6216 -7.5676 0.1292
8.3784 -7.2973 0.0638
8.1081 4.0541 0.0950
-1.0811 -4.0541 0.4081
-7.8378 -1.6216 0.1211
4.3243 9.1892 0.0761
-4.0541 -5.6757 0.1580
-4.3243 7.8378 0.0974
-0.5405 3.2432 0.6245
6.7568 -7.5676 0.0762
-2.7027 -1.3514 0.7187
-2.9730 9.7297 0.0758
1.6216 7.8378 0.1211
-0.8108 -9.4595 0.0868
1.8919 -8.9189 0.0940
0.8108 -7.2973 0.1431
2.1622 -2.9730 0.5157
-9.4595 -8.1081 0.0509
5.4054 -6.2162 0.1145
8.1081 4.8649 0.0875
9.7297 -8.6486 0.0467
3.2432 1.8919 0.4970
-5.4054 2.7027 0.2077
-7.5676 3.7838 0.1087
-5.9459 7.5676 0.0845
3.2432 3.2432 0.3473
-1.6216 -8.1081 0.1137
1.0811 -2.7027 0.7638
-7.5676 -9.4595 0.0538
-8.6486 8.1081 0.0561
-4.8649 -0.8108 0.3039
-2.7027 7.0270 0.1363
-6.7568 4.5946 0.1163
-0.5405 9.1892 0.0922
1.3514 1.3514 1.4154
0.8108 -0.8108 2.4134
4.5946 -8.1081 0.0900
8.3784 4.5946 0.0857
5.1351 -6.7568 0.1081
8.3784 8.9189 0.0527
7.5676 -9.7297 0.0520
0.5405 -1.3514 1.9425
-1.0811 -4.8649 0.2981
-4.5946 2.7027 0.2630
10.0000 -2.7027 0.0732
6.2162 -5.6757 0.1098
8.6486 -8.3784 0.0544
-10.0000 -5.4054 0.0610
-1.8919 -1.3514 1.0803
-5.4054 8.6486 0.0755
-8.9189 1.6216 0.0950
-9.4595 -5.6757 0.0647
7.5676 -3.5135 0.1117
9.1892 -2.4324 0.0866
5.1351 -5.1351 0.1461
0.8108 -1.0811 2.0909
-4.5946 1.8919 0.2997
-2.7027 -7.2973 0.1279
-2.7027 -2.1622 0.5723
-6.7568 0.0000 0.1679
-9.7297 -3.7838 0.0721
0.5405 1.0811 2.3115
5.9459 -1.6216 0.2001
5.4054 -8.6486 0.0755
-1.8919 6.7568 0.1561
6.7568 1.8919 0.1561
0.0000 -0.2703 3.8591
-3.5135 -9.1892 0.0810
-3.2432 7.0270 0.1292
7.8378 2.4324 0.1154
-1.0811 -6.2162 0.1913
-5.9459 -6.2162 0.1053
-8.9189 -4.3243 0.0798
3.7838 -6.4865 0.1370
-3.7838 4.3243 0.2285
-5.1351 -3.2432 0.2057
-3.7838 -8.9189 0.0835
8.9189 5.6757 0.0703
2.7027 -2.7027 0.4817
-8.3784 9.4595 0.0495
-1.6216 5.6757 0.2171
2.4324 0.5405 0.9746
-1.6216 0.0000 1.7280
-8.1081 -2.9730 0.1045
9.4595 8.6486 0.0481
-2.4324 1.0811 0.8805
-6.2162 0.0000 0.1968
-9.4595 8.3784 0.0495
5.4054 2.1622 0.2229
0.8108 5.1351 0.2756
-5.6757 10.0000 0.0596
-8.1081 -4.0541 0.0950
-3.7838 -2.1622 0.3811
6.4865 -0.2703 0.1812
3.7838 -4.5946 0.2137
-1.3514 -8.6486 0.1017
-1.8919 5.4054 0.2299
-0.2703 4.5946 0.3451
-7.8378 1.3514 0.1226
-1.6216 -3.2432 0.5281
2.7027 10.0000 0.0732
-4.5946 -6.2162 0.1296
2.9730 3.5135 0.3451
-5.1351 -2.9730 0.2150
4.5946 -2.1622 0.2879
-0.5405 6.4865 0.1803
-1.6216 -5.9459 0.2001
-0.8108 5.1351 0.2756
-8.3784 9.1892 0.0511
-8.6486 -2.4324 0.0967
-7.2973 8.3784 0.0638
0.2703 -0.2703 3.7277
7.2973 5.6757 0.0915
2.9730 -3.7838 0.3180
3.7838 6.2162 0.1456
9.4595 -8.3784 0.0495
-1.0811 -7.8378 0.1238
-2.1622 6.2162 0.1765
-0.2703 -3.5135 0.5549
-9.7297 2.1622 0.0789
4.3243 -9.7297 0.0693
8.3784 -1.3514 0.1081
7.0270 -10.0000 0.0528
1.6216 -1.3514 1.2392
-6.4865 3.2432 0.1465
8.6486 -4.3243 0.0838
3.7838 0.0000 0.4903
5.4054 6.2162 0.1145
4.3243 5.4054 0.1603
0.0000 9.1892 0.0925
9.1892 3.7838 0.0794
-7.2973 3.2432 0.1216
1.8919 5.6757 0.2117
-0.2703 -2.1622 1.1855
2.9730 -5.9459 0.1732
0.8108 1.0811 2.0909
1.3514 -1.0811 1.6016
-5.6757 -0.8108 0.2294
8.6486 4.8649 0.0796
-10.0000 -7.2973 0.0515
10.0000 -3.5135 0.0700
-7.8378 9.4595 0.0523
-6.4865 7.8378 0.0758
-3.5135 -9.4595 0.0771
-8.9189 -4.8649 0.0760
2.9730 -9.1892 0.0840
-7.2973 3.5135 0.1184
5.1351 -2.4324 0.2333
1.8919 -4.5946 0.2997
4.5946 7.2973 0.1048
-8.9189 -10.0000 0.0441
-4.0541 -2.7027 0.3108
1.3514 -2.7027 0.7187
7.8378 -7.2973 0.0686
10.0000 -9.4595 0.0418
9.7297 -6.4865 0.0577
-5.9459 0.8108 0.2105
-10.0000 -4.8649 0.0637
6.2162 -2.7027 0.1669
-5.9459 -4.3243 0.1427
1.8919 1.3514 1.0803
0.2703 2.9730 0.7332
-0.5405 -4.8649 0.3082
-2.9730 -1.0811 0.6663
2.1622 -7.8378 0.1175
-9.4595 8.9189 0.0468
0.5405 -4.0541 0.4272
4.0541 -5.9459 0.1487
-3.5135 9.4595 0.0771
3.2432 -4.8649 0.2211
-9.1892 4.3243 0.0761
6.7568 -2.9730 0.1416
8.6486 -8.1081 0.0561
5.9459 -4.8649 0.1311
-9.4595 5.9459 0.0631
-1.6216 -6.4865 0.1713
-3.7838 2.1622 0.3811
-7.2973 7.2973 0.0737
6.2162 -4.8649 0.1244
3.2432 2.7027 0.4036
-8.9189 6.4865 0.0647
-6.7568 -4.5946 0.1163
3.5135 7.5676 0.1117
-7.0270 2.1622 0.1427
-2.9730 8.3784 0.0987
-1.0811 8.6486 0.1026
5.1351 -3.5135 0.1965
5.6757 0.5405 0.2318
-8.1081 -4.8649 0.0875
4.8649 7.0270 0.1066
-5.6757 5.1351 0.1321
1.3514 -7.0270 0.1504
9.1892 7.5676 0.0557
9.1892 6.2162 0.0640
-3.2432 4.0541 0.2763
-6.2162 -0.5405 0.1954
2.1622 5.9459 0.1903
9.7297 -3.5135 0.0734
8.6486 6.4865 0.0673
1.3514 -5.6757 0.2220
1.3514 -6.4865 0.1743
3.7838 -5.6757 0.1648
9.4595 6.7568 0.0583
-0.8108 6.4865 0.1788
-6.4865 -1.8919 0.1679
9.1892 3.2432 0.0825
-9.4595 2.4324 0.0821
-5.4054 4.0541 0.1679
2.4324 -5.4054 0.2154
5.4054 4.5946 0.1529
4.8649 3.5135 0.2105
-8.9189 4.3243 0.0798
8.9189 6.4865 0.0647
-6.4865 -8.9189 0.0647
9.1892 -10.0000 0.0429
8.9189 -3.7838 0.0835
-9.7297 -9.4595 0.0430
2.1622 2.9730 0.5157
0.0000 2.7027 0.8598
6.7568 5.1351 0.1081
-1.6216 -8.6486 0.1007
-8.3784 -7.2973 0.0638
9.4595 -8.6486 0.0481
-5.6757 -0.5405 0.2318
-7.5676 -6.2162 0.0817
3.7838 -8.1081 0.0975
-2.1622 -5.9459 0.1903
-2.4324 7.2973 0.1308
1.6216 -8.3784 0.1069
-3.7838 9.1892 0.0794
8.6486 -4.5946 0.0817
3.7838 -7.8378 0.1029
-5.1351 2.1622 0.2421
-0.5405 7.2973 0.1440
-2.4324 -5.6757 0.1994
4.5946 9.7297 0.0679
5.1351 9.4595 0.0679
7.0270 7.5676 0.0736
-4.8649 -6.2162 0.1244
8.6486 -8.6486 0.0528
-5.6757 2.7027 0.1927
-6.7568 9.1892 0.0606
1.0811 -9.4595 0.0863
-9.4595 -8.3784 0.0495
4.0541 -7.5676 0.1057
-4.5946 4.3243 0.1913
-10.0000 -8.6486 0.0452
-4.8649 -3.5135 0.2105
-4.8649 -0.5405 0.3082
-7.8378 -7.8378 0.0641
2.9730 -2.4324 0.4775
-6.2162 0.8108 0.1937
7.8378 1.8919 0.1194
8.3784 -0.8108 0.1098
6.4865 10.0000 0.0555
0.2703 8.1081 0.1180
-6.2162 4.3243 0.1348
4.3243 -0.8108 0.3746
-1.6216 -3.5135 0.4713
-5.1351 7.8378 0.0891
-8.6486 0.5405 0.1038
8.9189 -2.9730 0.0885
7.0270 -7.5676 0.0736
5.1351 -0.8108 0.2756
-1.0811 -6.4865 0.1768
-9.4595 8.6486 0.0481
-7.5676 2.1622 0.1251
-1.8919 -6.2162 0.1809
10.0000 -5.6757 0.0596
-0.2703 2.9730 0.7332
6.2162 -4.5946 0.1296
3.5135 6.7568 0.1333
4.8649 -3.2432 0.2211
2.7027 -3.5135 0.3695
-5.6757 -6.7568 0.1002
9.1892 4.8649 0.0727
2.7027 -9.4595 0.0810
-8.9189 6.7568 0.0629
9.1892 -1.3514 0.0906
-2.4324 -10.0000 0.0741
-5.1351 -4.3243 0.1700
-1.3514 2.9730 0.6317
-0.8108 -4.3243 0.3746
8.3784 4.3243 0.0880
-5.4054 10.0000 0.0610
7.2973 -2.4324 0.1308
6.7568 1.0811 0.1639
0.0000 0.5405 3.4901
7.8378 -4.8649 0.0918
-9.7297 1.3514 0.0812
2.7027 -5.1351 0.2243
-6.7568 -6.4865 0.0892
3.2432 0.0000 0.6390
0.5405 8.3784 0.1104
5.9459 -7.5676 0.0845
9.1892 -4.5946 0.0744
6.2162 -6.4865 0.0967
10.0000 0.5405 0.0782
3.2432 7.5676 0.1146
-5.1351 3.2432 0.2057
-2.4324 5.9459 0.1849
10.0000 7.8378 0.0490
-2.4324 5.4054 0.2154
9.4595 3.2432 0.0784
-5.4054 7.8378 0.0863
-9.4595 -5.9459 0.0631
6.2162 8.1081 0.0752
-4.8649 8.1081 0.0875
8.9189 -5.6757 0.0703
9.1892 -5.1351 0.0709
-9.1892 -2.4324 0.0866
-3.5135 -6.2162 0.1510
0.5405 8.6486 0.1038
-1.3514 0.5405 1.9425
-7.0270 -4.0541 0.1180
-4.0541 -2.9730 0.2933
0.5405 -3.2432 0.6245
2.1622 2.4324 0.6353
7.2973 8.1081 0.0661
9.4595 -8.1081 0.0509
-1.3514 -1.0811 1.6016
-1.8919 -7.0270 0.1456
4.3243 0.0000 0.3865
-1.6216 -9.7297 0.0806
-1.3514 8.3784 0.1081
-7.5676 2.4324 0.1227
-2.4324 7.0270 0.1396
7.0270 9.1892 0.0589
3.7838 7.0270 0.1218
-3.5135 -7.2973 0.1184
4.8649 -2.1622 0.2637
-10.0000 -4.5946 0.0650
-4.0541 0.2703 0.4322
-5.6757 6.2162 0.1098
-5.9459 -2.4324 0.1849
4.8649 -2.7027 0.2426
-4.5946 5.9459 0.1368
-2.9730 -2.4324 0.4775
-5.1351 2.9730 0.2150
5.6757 1.0811 0.2261
3.5135 7.8378 0.1056
-5.9459 -5.6757 0.1150
-6.4865 -2.7027 0.1557
-4.8649 -8.1081 0.0875
-10.0000 -0.5405 0.0782
-2.4324 2.7027 0.5256
8.6486 -1.6216 0.1007
-7.8378 -4.8649 0.0918
0.5405 -5.9459 0.2125
4.0541 -2.7027 0.3108
8.9189 -3.5135 0.0852
0.0000 -4.5946 0.3462
4.5946 -3.2432 0.2379
9.4595 -6.2162 0.0615
-6.2162 1.0811 0.1913
-3.2432 -3.7838 0.2981
-4.0541 4.0541 0.2294
7.5676 5.1351 0.0934
7.8378 -8.1081 0.0619
-2.7027 -5.6757 0.1927
-4.0541 7.5676 0.1057
-0.8108 -0.8108 2.4134
-7.8378 4.8649 0.0918
-8.1081 5.9459 0.0776
3.5135 0.5405 0.5466
6.4865 2.4324 0.1600
9.4595 7.2973 0.0553
-5.1351 -4.5946 0.1617
-8.9189 -5.1351 0.0741
-4.0541 -8.9189 0.0816
3.5135 6.4865 0.1418
5.6757 6.2162 0.1098
-1.6216 5.1351 0.2581
-3.7838 3.7838 0.2611
1.6216 -0.2703 1.7011
-8.1081 9.1892 0.0526
-8.6486 -9.7297 0.0467
-2.1622 -2.1622 0.7049
-8.9189 2.4324 0.0915
-2.9730 0.2703 0.7332
-7.2973 -5.6757 0.0915
1.3514 -3.7838 0.4409
-7.8378 -9.1892 0.0541
-6.4865 -1.3514 0.1743
9.1892 7.2973 0.0573
-3.5135 -1.8919 0.4463
-0.2703 -8.9189 0.0980
-10.0000 4.5946 0.0650
-5.1351 -8.1081 0.0850
1.8919 4.3243 0.3295
7.5676 2.7027 0.1202
-8.1081 7.0270 0.0683
-4.5946 8.3784 0.0857
-0.8108 -1.6216 1.5131
-3.2432 -9.7297 0.0746
1.0811 4.3243 0.3658
-5.6757 8.6486 0.0734
4.5946 2.4324 0.2756
9.7297 2.4324 0.0780
2.9730 0.8108 0.6959
0.2703 9.7297 0.0827
7.5676 8.6486 0.0597
0.0000 -8.6486 0.1042
-1.6216 2.4324 0.7586
-7.0270 -8.9189 0.0611
3.5135 -2.1622 0.4206
-2.1622 -4.0541 0.3462
-8.9189 -3.5135 0.0852
-7.5676 8.6486 0.0597
4.3243 7.2973 0.1082
-3.7838 -8.3784 0.0925
5.4054 7.0270 0.0993
-1.6216 -8.3784 0.1069
6.7568 -3.2432 0.1375
3.2432 -4.5946 0.2379
3.2432 4.3243 0.2563
4.8649 8.1081 0.0875
6.7568 -9.1892 0.0606
1.6216 -9.1892 0.0898
4.3243 8.3784 0.0880
-8.1081 1.8919 0.1122
4.3243 3.7838 0.2285
7.5676 -5.9459 0.0845
-9.1892 8.1081 0.0526
2.4324 -4.3243 0.3006
-2.9730 -9.1892 0.0840
-9.4595 10.0000 0.0418
7.2973 -9.7297 0.0534
-1.8919 -4.3243 0.3295
-1.6216 -1.0811 1.3797
10.0000 1.6216 0.0765
7.2973 2.9730 0.1248
6.4865 -4.3243 0.1274
5.1351 9.1892 0.0709
7.5676 -4.5946 0.0995
7.0270 -3.7838 0.1218
5.6757 -2.9730 0.1858
-1.3514 -7.8378 0.1226
-4.0541 1.0811 0.4081
8.6486 -3.7838 0.0878
-6.7568 -8.1081 0.0705
-0.8108 1.8919 1.2827
-6.4865 6.7568 0.0892
2.9730 -1.3514 0.6317
-0.8108 5.6757 0.2294
2.4324 2.9730 0.4775
0.0000 -10.0000 0.0784
9.7297 0.8108 0.0822
4.5946 7.0270 0.1104
3.5135 -3.5135 0.2997
1.0811 0.5405 2.3115
-8.9189 5.4054 0.0722
-9.4595 1.8919 0.0842
-6.2162 3.7838 0.1456
-0.2703 -3.2432 0.6353
-1.0811 0.5405 2.3115
6.7568 10.0000 0.0542
1.3514 8.1081 0.1150
-4.8649 -2.1622 0.2637
-6.4865 -4.5946 0.1227
-3.2432 4.5946 0.2379
10.0000 4.8649 0.0637
8.9189 -0.2703 0.0980
7.0270 1.3514 0.1504
1.6216 8.6486 0.1007
2.4324 9.1892 0.0866
6.7568 0.0000 0.1679
0.5405 6.4865 0.1803
2.7027 7.8378 0.1131
-3.2432 -5.4054 0.1917
-4.5946 -6.7568 0.1163
-5.6757 -5.6757 0.1204
0.0000 4.0541 0.4339
-1.8919 -1.8919 0.8735
-4.3243 -0.5405 0.3811
3.7838 4.5946 0.2137
-8.6486 7.2973 0.0615
-0.5405 -1.0811 2.3115
-1.0811 -2.1622 1.0199
-7.5676 5.6757 0.0874
8.3784 0.0000 0.1108
-8.6486 -1.0811 0.1026
7.8378 -5.1351 0.0891
0.5405 0.2703 3.3823
-5.4054 0.8108 0.2510
-6.2162 -4.0541 0.1402
2.1622 7.0270 0.1427
-3.5135 7.5676 0.1117
4.8649 -8.6486 0.0796
6.7568 4.3243 0.1206
-10.0000 10.0000 0.0396
-0.8108 2.1622 1.0911
-2.9730 -3.5135 0.3451
-1.6216 1.8919 0.9746
8.6486 -0.8108 0.1033
8.9189 0.0000 0.0981
0.0000 5.4054 0.2563
-2.9730 9.1892 0.0840
9.7297 -0.2703 0.0827
-3.7838 7.5676 0.1087
-0.8108 8.1081 0.1170
6.2162 3.7838 0.1456
-3.2432 -10.0000 0.0711
5.6757 -7.2973 0.0915
-8.3784 1.3514 0.1081
3.2432 -9.4595 0.0784
-0.8108 7.0270 0.1537
5.4054 -1.3514 0.2421
5.6757 -4.5946 0.1446
-6.4865 2.7027 0.1557
10.0000 8.3784 0.0465
-1.8919 -3.7838 0.4021
9.4595 5.4054 0.0663
-2.4324 6.2162 0.1718
-5.6757 -3.5135 0.1718
5.4054 -8.1081 0.0825
-2.4324 8.6486 0.0967
-2.4324 8.9189 0.0915
0.2703 -4.8649 0.3108
-8.9189 -0.5405 0.0978
-4.5946 -5.4054 0.1529
4.0541 5.1351 0.1786
-3.7838 4.0541 0.2443
-2.4324 -5.4054 0.2154
9.4595 -8.9189 0.0468
7.0270 -0.2703 0.1555
-3.2432 10.0000 0.0711
0.2703 3.5135 0.5549
-3.7838 -2.9730 0.3180
10.0000 -4.0541 0.0675
5.9459 -1.8919 0.1954
-9.4595 -2.9730 0.0797
-6.4865 -7.5676 0.0789
10.0000 -4.8649 0.0637
-7.0270 -9.4595 0.0568
3.7838 2.9730 0.3180
-7.8378 7.0270 0.0709
2.7027 6.7568 0.1456
-6.2162 -1.3514 0.1884
-3.7838 4.5946 0.2137
8.1081 7.2973 0.0661
0.5405 0.8108 2.7122
5.9459 1.6216 0.2001
-9.7297 2.7027 0.0769
2.4324 -9.7297 0.0780
-0.8108 -5.9459 0.2105
9.1892 -8.3784 0.0511
4.3243 2.7027 0.2857
-7.2973 8.9189 0.0593
5.9459 4.3243 0.1427
-0.2703 -2.7027 0.8531
10.0000 7.0270 0.0528
2.1622 -8.9189 0.0928
-8.9189 -5.4054 0.0722
-2.9730 7.2973 0.1248
-7.5676 9.4595 0.0538
-8.9189 1.8919 0.0940
-6.7568 -2.4324 0.1493
5.1351 1.0811 0.2708
-4.0541 -9.4595 0.0741
3.2432 -3.2432 0.3473
-6.7568 -1.3514 0.1617
-1.6216 -1.6216 1.1020
8.1081 0.2703 0.1180
5.1351 0.8108 0.2756
-7.5676 -3.2432 0.1146
-3.2432 5.4054 0.1917
-2.9730 2.1622 0.5157
9.4595 -10.0000 0.0418
7.0270 -1.6216 0.1481
7.2973 6.2162 0.0852
2.1622 0.8108 1.0911
-3.2432 -5.6757 0.1788
-4.8649 7.0270 0.1066
3.5135 -8.6486 0.0897
-2.1622 -1.6216 0.8598
-4.5946 1.0811 0.3295
5.4054 -0.5405 0.2539
7.0270 5.4054 0.0993
-8.1081 -1.6216 0.1137
0.0000 -9.4595 0.0874
-0.5405 -8.1081 0.1176
-2.9730 0.5405 0.7187
1.8919 -4.3243 0.3295
5.1351 7.8378 0.0891
-10.0000 -0.2703 0.0784
5.9459 0.8108 0.2105
-10.0000 3.5135 0.0700
-10.0000 6.7568 0.0542
-6.4865 5.1351 0.1136
-8.9189 4.5946 0.0779
-8.6486 6.2162 0.0693
-1.8919 1.3514 1.0803
5.4054 3.7838 0.1757
0.5405 9.7297 0.0825
-0.2703 2.1622 1.1855
9.1892 8.9189 0.0482
-10.0000 8.3784 0.0465
1.8919 8.6486 0.0995
1.0811 -6.4865 0.1768
0.0000 9.4595 0.0874
0.2703 3.7838 0.4881
-3.2432 -1.0811 0.5845
5.9459 5.6757 0.1150
5.6757 -10.0000 0.0596
8.3784 -5.1351 0.0812
7.5676 0.0000 0.1350
-8.6486 -10.0000 0.0452
4.0541 8.9189 0.0816
-4.8649 -6.4865 0.1181
6.2162 -3.2432 0.1564
-4.8649 -2.4324 0.2533
4.3243 -2.1622 0.3153
-8.9189 8.3784 0.0527
-4.3243 10.0000 0.0663
-2.7027 -8.3784 0.1006
0.2703 2.7027 0.8531
8.1081 4.5946 0.0900
5.9459 1.3514 0.2042
6.7568 5.4054 0.1041
-2.1622 -9.1892 0.0878
8.3784 7.0270 0.0658
3.2432 5.6757 0.1788
7.5676 -7.8378 0.0663
6.2162 -1.0811 0.1913
-7.5676 7.8378 0.0663
9.7297 5.4054 0.0635
3.2432 -5.9459 0.1671
6.4865 -5.1351 0.1136
8.1081 -9.7297 0.0493
-0.8108 -0.5405 2.7122
5.1351 7.5676 0.0934
-5.9459 6.7568 0.0964
-3.7838 -2.7027 0.3387
7.8378 9.4595 0.0523
1.3514 5.1351 0.2649
-9.7297 -0.5405 0.0825
-1.6216 -3.7838 0.4222
5.4054 -7.0270 0.0993
-1.0811 3.2432 0.5845
2.4324 1.8919 0.6959
8.3784 -9.4595 0.0495
6.4865 -5.9459 0.1007
-9.1892 4.8649 0.0727
3.5135 2.9730 0.3451
5.9459 -4.0541 0.1487
4.8649 -9.1892 0.0727
1.0811 9.4595 0.0863
-8.3784 2.9730 0.0987
-0.5405 3.5135 0.5466
-0.8108 -0.2703 2.9299
3.2432 9.4595 0.0784
-1.8919 2.9730 0.5549
5.9459 7.8378 0.0810
6.2162 9.7297 0.0591
1.0811 5.9459 0.2077
-2.1622 -7.0270 0.1427
1.6216 6.2162 0.1849
-5.6757 -3.2432 0.1788
-9.1892 7.8378 0.0541
-3.5135 9.7297 0.0734
8.3784 -4.3243 0.0880
-3.2432 7.5676 0.1146
-1.3514 -3.2432 0.5577
-5.6757 0.2703 0.2333
-1.8919 8.3784 0.1056
7.8378 -7.0270 0.0709
-3.7838 -9.1892 0.0794
4.0541 -8.3784 0.0903
-2.9730 5.6757 0.1858
-4.8649 -1.8919 0.2735
-6.7568 1.8919 0.1561
0.2703 -1.0811 2.4678
-4.3243 4.5946 0.1913
-7.8378 2.9730 0.1107
1.8919 -9.1892 0.0889
1.0811 -4.0541 0.4081
-8.1081 7.8378 0.0619
-0.5405 7.8378 0.1255
5.6757 -8.3784 0.0766
-8.9189 3.7838 0.0835
5.9459 8.6486 0.0713
-4.8649 3.5135 0.2105
-7.0270 -3.7838 0.1218
-3.5135 9.1892 0.0810
2.4324 -5.1351 0.2333
6.2162 0.5405 0.1954
-7.5676 0.8108 0.1335
5.1351 -7.8378 0.0891
-9.4595 -5.4054 0.0663
2.4324 -7.5676 0.1227
10.0000 9.7297 0.0407
-1.0811 6.4865 0.1768
-9.4595 -2.4324 0.0821
7.0270 2.7027 0.1363
-8.1081 2.7027 0.1066
8.6486 -9.4595 0.0481
-9.4595 -9.7297 0.0430
-5.6757 -7.8378 0.0836
4.3243 7.5676 0.1026
6.4865 -0.8108 0.1788
0.0000 -1.0811 2.5247
8.6486 -2.1622 0.0982
8.3784 10.0000 0.0465
-7.5676 9.1892 0.0557
1.6216 1.6216 1.1020
-5.9459 8.1081 0.0776
-5.1351 5.6757 0.1321
-8.1081 -8.9189 0.0543
4.3243 -0.5405 0.3811
6.7568 1.3514 0.1617
7.2973 -3.5135 0.1184
8.3784 9.1892 0.0511
1.0811 -5.6757 0.2261
-9.4595 -8.9189 0.0468
7.2973 -1.0811 0.1418
-8.1081 -5.9459 0.0776
7.5676 5.6757 0.0874
8.9189 2.4324 0.0915
7.0270 9.7297 0.0548
1.6216 2.1622 0.8598
5.1351 -7.2973 0.0980
1.8919 6.4865 0.1679
7.8378 5.4054 0.0863
0.2703 0.5405 3.3823
-4.3243 -0.2703 0.3851
3.2432 -1.6216 0.5281
-0.5405 1.3514 1.9425
-9.7297 -2.4324 0.0780
-5.1351 -4.0541 0.1786
8.1081 -3.2432 0.1022
-1.3514 9.4595 0.0857
0.2703 -5.1351 0.2813
0.8108 1.3514 1.7843
7.8378 6.4865 0.0758
-5.4054 -1.0811 0.2470
-3.2432 -6.7568 0.1375
-7.8378 4.5946 0.0946
5.9459 7.2973 0.0883
-4.5946 -9.1892 0.0744
-8.3784 7.5676 0.0618
-4.8649 9.4595 0.0695
-9.7297 -7.2973 0.0534
-8.6486 -6.2162 0.0693
-8.6486 -6.4865 0.0673
1.8919 -5.6757 0.2117
-2.7027 1.6216 0.6703
-8.9189 4.0541 0.0816
4.5946 4.8649 0.1710
-7.0270 3.7838 0.1218
0.8108 -3.2432 0.6072
1.3514 4.8649 0.2910
7.0270 -6.2162 0.0889
6.7568 0.8108 0.1656
4.0541 -1.3514 0.3948
4.8649 -5.6757 0.1382
2.9730 7.0270 0.1329
-9.1892 5.9459 0.0657
-8.3784 6.4865 0.0700
-3.2432 8.6486 0.0916
3.2432 -4.0541 0.2763
6.2162 3.5135 0.1510
2.9730 -4.3243 0.2708
-10.0000 -7.8378 0.0490
8.3784 -7.0270 0.0658
-6.7568 -7.8378 0.0733
0.0000 -2.9730 0.7381
-0.8108 -2.9730 0.6959
6.7568 -3.5135 0.1333
4.8649 2.9730 0.2318
0.0000 2.9730 0.7381
9.4595 -0.8108 0.0868
0.0000 1.6216 1.7280
-9.4595 -4.3243 0.0726
0.8108 -2.4324 0.9330
-8.3784 -3.5135 0.0946
7.2973 7.2973 0.0737
4.0541 4.5946 0.2023
7.5676 -1.6216 0.1292
7.5676 0.5405 0.1343
-4.3243 -7.5676 0.1026
-9.7297 -5.4054 0.0635
-2.4324 -8.9189 0.0915
5.9459 -5.6757 0.1150
-5.6757 1.6216 0.2171
-6.4865 -4.8649 0.1181
-0.2703 -10.0000 0.0784
-5.1351 1.8919 0.2504
-8.3784 -7.5676 0.0618
2.4324 -5.6757 0.1994
-7.5676 1.6216 0.1292
-1.6216 -4.0541 0.3798
-2.9730 -4.0541 0.2933
0.2703 10.0000 0.0784
8.9189 1.0811 0.0967
-0.5405 -6.2162 0.1954
9.7297 -1.8919 0.0798
0.8108 8.3784 0.1098
-0.8108 1.3514 1.7843
5.6757 0.0000 0.2338
-4.5946 -2.1622 0.2879
-9.7297 7.8378 0.0506
1.6216 9.1892 0.0898
-5.4054 1.8919 0.2299
-3.7838 -1.0811 0.4575
-4.0541 1.8919 0.3634
4.5946 -5.4054 0.1529
8.3784 1.8919 0.1056
-8.6486 -8.1081 0.0561
-2.9730 4.3243 0.2708
-1.6216 1.6216 1.1020
6.7568 2.1622 0.1529
1.6216 6.7568 0.1591
3.5135 -4.0541 0.2599
-5.6757 7.8378 0.0836
-5.9459 -0.2703 0.2137
-2.7027 -3.7838 0.3387
2.1622 10.0000 0.0750
-7.0270 4.3243 0.1142
4.0541 9.7297 0.0707
2.9730 6.4865 0.1512
8.3784 7.8378 0.0599
-6.4865 -7.2973 0.0822
-5.6757 8.1081 0.0800
5.4054 4.0541 0.1679
0.5405 2.7027 0.8336
7.8378 1.3514 0.1226
1.6216 4.3243 0.3429
-4.5946 -7.0270 0.1104
1.3514 -1.8919 1.0803
1.0811 3.2432 0.5845
6.4865 2.1622 0.1641
-2.1622 -7.5676 0.1251
7.8378 3.2432 0.1082
4.8649 -6.7568 0.1122
-6.4865 2.4324 0.1600
-5.1351 8.3784 0.0812
9.7297 -1.6216 0.0806
-0.2703 0.8108 2.9299
-2.4324 -2.4324 0.5783
-7.5676 8.3784 0.0618
-2.1622 9.7297 0.0789
-3.5135 -7.0270 0.1255
0.8108 8.9189 0.0973
9.1892 3.5135 0.0810
5.1351 -0.2703 0.2813
6.4865 9.1892 0.0622
-4.0541 -1.6216 0.3798
9.1892 -7.8378 0.0541
0.2703 -2.4324 1.0013
-1.6216 4.0541 0.3798
4.5946 2.1622 0.2879
-0.2703 -5.4054 0.2557
-8.9189 -1.8919 0.0940
5.1351 -8.9189 0.0741
8.6486 -7.8378 0.0579
-4.8649 8.6486 0.0796
0.8108 8.1081 0.1170
4.3243 -7.2973 0.1082
7.2973 -0.2703 0.1446
6.7568 -2.1622 0.1529
-3.5135 8.1081 0.0999
-0.5405 -0.2703 3.3823
-2.9730 -5.1351 0.2150
-10.0000 -2.4324 0.0741
-6.4865 -8.1081 0.0728
-0.2703 8.9189 0.0980
7.5676 -1.0811 0.1324
-0.8108 -3.2432 0.6072
-7.8378 -5.9459 0.0810
-7.0270 -0.5405 0.1548
2.4324 -7.2973 0.1308
-7.0270 4.0541 0.1180
5.6757 -3.2432 0.1788
8.1081 6.4865 0.0728
-3.7838 0.2703 0.4881
-7.5676 -0.2703 0.1348
-0.8108 -8.1081 0.1170
3.7838 8.6486 0.0878
8.9189 -7.0270 0.0611
-5.9459 -2.7027 0.1791
3.7838 3.7838 0.2611
-8.3784 -0.8108 0.1098
1.0811 7.2973 0.1418
7.2973 8.9189 0.0593
1.6216 -6.4865 0.1713
5.9459 7.5676 0.0845
3.2432 -7.8378 0.1082
5.6757 2.9730 0.1858
-1.6216 10.0000 0.0765
-6.7568 3.7838 0.1291
3.7838 -8.3784 0.0925
-2.4324 -9.7297 0.0780
-8.6486 -7.5676 0.0597
0.5405 7.8378 0.1255
7.2973 1.3514 0.1402
-5.4054 7.0270 0.0993
-8.3784 2.1622 0.1041
5.1351 6.4865 0.1136
1.0811 -2.4324 0.8805
-6.4865 1.8919 0.1679
-2.4324 -4.0541 0.3285
1.6216 -7.8378 0.1211
8.1081 5.4054 0.0825
0.2703 -9.4595 0.0874
-1.6216 6.4865 0.1713
-1.6216 6.7568 0.1591
-2.1622 7.2973 0.1335
-5.4054 2.4324 0.2154
9.1892 1.3514 0.0906
-9.4595 1.6216 0.0850
-8.3784 3.2432 0.0967
4.3243 -4.8649 0.1803
-3.5135 0.2703 0.5549
-1.8919 -6.7568 0.1561
2.1622 -3.5135 0.4206
9.1892 2.1622 0.0878
9.7297 2.7027 0.0769
-8.1081 3.5135 0.0999
8.3784 0.2703 0.1107
2.1622 6.2162 0.1765
-4.5946 7.2973 0.1048
7.5676 1.0811 0.1324
-0.8108 7.5676 0.1335
1.3514 7.5676 0.1309
-4.8649 0.2703 0.3108
5.4054 6.7568 0.1041
2.9730 -0.8108 0.6959
-4.5946 -10.0000 0.0650
-0.2703 5.4054 0.2557
-8.9189 -1.6216 0.0950
2.1622 -10.0000 0.0750
-4.5946 0.5405 0.3418
-6.7568 8.9189 0.0629
9.7297 -8.3784 0.0479
-8.9189 -9.4595 0.0468
-1.3514 -1.8919 1.0803
1.3514 -8.6486 0.1017
2.1622 1.0811 1.0199
-9.1892 4.0541 0.0778
2.4324 2.1622 0.6353
4.3243 -9.4595 0.0726
-8.1081 -2.7027 0.1066
8.1081 -7.8378 0.0619
9.7297 -6.2162 0.0591
7.0270 0.2703 0.1555
5.9459 9.1892 0.0657
5.6757 7.8378 0.0836
4.0541 -9.1892 0.0778
-5.1351 4.5946 0.1617
-8.9189 9.1892 0.0482
-5.6757 -2.4324 0.1994
-0.8108 4.3243 0.3746
-9.4595 7.2973 0.0553
-3.5135 1.6216 0.4713
4.3243 4.5946 0.1913
7.5676 -7.0270 0.0736
8.1081 0.5405 0.1176
4.0541 -10.0000 0.0675
-1.3514 -4.5946 0.3208
-5.6757 0.5405 0.2318
-8.1081 2.9730 0.1045
-3.2432 6.4865 0.1465
6.2162 -8.6486 0.0693
-6.7568 6.7568 0.0857
-4.0541 -3.5135 0.2599
9.1892 0.0000 0.0925
9.4595 -7.8378 0.0523
-1.6216 7.0270 0.1481
0.2703 -4.5946 0.3451
8.6486 -9.7297 0.0467
-6.4865 4.5946 0.1227
-4.8649 -1.0811 0.2981
-1.0811 8.1081 0.1161
-5.4054 -3.2432 0.1917
-9.7297 0.5405 0.0825
4.5946 5.6757 0.1446
-5.9459 -6.4865 0.1007
-0.5405 10.0000 0.0782
0.5405 2.4324 0.9746
9.1892 9.1892 0.0468
7.0270 -0.8108 0.1537
3.5135 4.3243 0.2421
3.2432 9.1892 0.0825
-2.7027 -4.3243 0.2857
-1.6216 -7.0270 0.1481
-3.2432 -2.1622 0.4653
10.0000 -5.1351 0.0623
-7.2973 -2.9730 0.1248
6.4865 7.8378 0.0758
-4.0541 3.2432 0.2763
-1.3514 1.8919 1.0803
0.0000 3.5135 0.5577
5.6757 -8.6486 0.0734
-7.0270 7.8378 0.0709
-3.7838 -9.4595 0.0756
-6.7568 -9.7297 0.0562
-5.6757 4.0541 0.1580
-5.6757 9.4595 0.0647
-2.9730 -10.0000 0.0722
0.8108 -3.7838 0.4713
-7.0270 1.0811 0.1522
3.5135 -6.7568 0.1333
6.7568 -2.4324 0.1493
1.8919 7.8378 0.1194
-3.2432 2.7027 0.4036
2.9730 -1.8919 0.5549
-2.9730 7.5676 0.1175
-0.5405 -5.4054 0.2539
7.8378 -6.7568 0.0733
7.0270 7.0270 0.0794
-8.1081 -0.8108 0.1170
-7.0270 1.6216 0.1481
7.8378 -7.8378 0.0641
-1.0811 1.3514 1.6016
-6.4865 -0.2703 0.1812
-2.1622 -8.6486 0.0982
-5.4054 9.4595 0.0663
0.2703 -4.3243 0.3851
1.6216 -8.9189 0.0950
-7.0270 -5.1351 0.1029
10.0000 4.5946 0.0650
-2.9730 -7.5676 0.1175
4.8649 10.0000 0.0637
5.9459 -9.7297 0.0606
-2.7027 -7.0270 0.1363
8.6486 0.8108 0.1033
8.6486 -8.9189 0.0512
5.4054 -8.3784 0.0789
5.9459 -2.7027 0.1791
0.0000 -5.1351 0.2820
2.4324 9.4595 0.0821
3.2432 6.7568 0.1375
4.8649 -5.4054 0.1458
8.9189 -5.9459 0.0684
-1.3514 -9.4595 0.0857
8.9189 -5.4054 0.0722
3.5135 4.8649 0.2105
1.3514 -7.2973 0.1402
-1.8919 8.6486 0.0995
-4.5946 -8.6486 0.0817
-5.9459 9.4595 0.0631
-1.0811 3.7838 0.4575
-4.3243 9.7297 0.0693
-0.2703 -9.1892 0.0925
7.2973 -1.8919 0.1360
1.6216 -10.0000 0.0765
-1.0811 1.8919 1.1855
-4.8649 -0.2703 0.3108
-2.1622 4.3243 0.3153
1.6216 3.2432 0.5281
-1.8919 4.8649 0.2735
3.2432 -5.4054 0.1917
8.3784 -1.8919 0.1056
3.7838 -0.2703 0.4881
0.2703 0.2703 3.7277
2.4324 -5.9459 0.1849
0.0000 8.9189 0.0981
10.0000 -6.2162 0.0569
0.2703 -5.4054 0.2557
-7.2973 7.5676 0.0711
7.2973 2.4324 0.1308
-4.3243 7.2973 0.1082
-4.3243 5.9459 0.1427
-1.8919 9.7297 0.0798
7.0270 -2.1622 0.1427
1.8919 2.1622 0.7802
-10.0000 -3.2432 0.0711
-7.8378 -3.2432 0.1082
-7.8378 10.0000 0.0490
0.5405 4.8649 0.3082
9.4595 2.9730 0.0797
0.5405 1.6216 1.6254
4.5946 0.0000 0.3462
-8.6486 8.9189 0.0512
3.5135 -3.2432 0.3218
-8.1081 3.2432 0.1022
8.3784 -4.0541 0.0903
-0.8108 -8.3784 0.1098
-1.8919 2.1622 0.7802
4.8649 -10.0000 0.0637
-3.2432 1.6216 0.5281
-6.2162 -3.5135 0.1510
-7.2973 -4.3243 0.1082
-7.8378 -5.6757 0.0836
-7.2973 -7.5676 0.0711
-7.2973 0.8108 0.1431
-3.7838 -0.5405 0.4817
8.3784 0.5405 0.1104
-5.1351 -7.5676 0.0934
-10.0000 0.0000 0.0784
2.1622 8.3784 0.1041
7.8378 -4.5946 0.0946
-9.4595 7.5676 0.0538
-2.4324 -7.8378 0.1154
4.3243 4.3243 0.2030
1.8919 9.7297 0.0798
-2.9730 5.4054 0.1997
-8.9189 -6.2162 0.0666
-8.1081 -1.3514 0.1150
4.0541 0.5405 0.4272
-9.4595 -6.4865 0.0599
-8.9189 -3.2432 0.0869
-7.5676 5.9459 0.0845
-2.9730 0.8108 0.6959
10.0000 1.8919 0.0758
-7.8378 -9.7297 0.0506
-10.0000 -2.7027 0.0732
8.9189 -1.3514 0.0960
8.3784 2.9730 0.0987
-9.4595 -3.2432 0.0784
-0.8108 0.0000 3.0104
3.2432 -3.7838 0.2981
-0.2703 6.4865 0.1812
5.9459 -2.9730 0.1732
3.7838 -4.3243 0.2285
-9.7297 0.8108 0.0822
-1.0811 -8.9189 0.0967
-9.1892 8.3784 0.0511
4.5946 4.0541 0.2023
-8.9189 -5.9459 0.0684
-1.3514 -8.1081 0.1150
1.8919 4.5946 0.2997
4.8649 2.7027 0.2426
-8.9189 7.5676 0.0576
-9.1892 -9.4595 0.0455
-4.5946 9.7297 0.0679
0.8108 -4.3243 0.3746
9.7297 2.1622 0.0789
-9.7297 6.2162 0.0591
-2.1622 -5.1351 0.2421
9.1892 4.0541 0.0778
-5.4054 -1.3514 0.2421
-8.9189 9.4595 0.0468
5.4054 -4.5946 0.1529
4.3243 -6.7568 0.1206
7.8378 -1.3514 0.1226
-7.8378 8.1081 0.0619
4.5946 0.2703 0.3451
10.0000 7.2973 0.0515
-2.7027 -7.8378 0.1131
-4.3243 4.3243 0.2030
4.0541 4.0541 0.2294
-2.1622 -8.3784 0.1041
-9.1892 7.5676 0.0557
0.0000 1.8919 1.4339
-0.5405 -9.7297 0.0825
5.9459 1.0811 0.2077
6.2162 4.8649 0.1244
3.5135 8.1081 0.0999
-7.8378 6.2162 0.0784
-3.7838 1.6216 0.4222
-2.9730 -3.2432 0.3746
0.0000 8.3784 0.1108
-4.8649 10.0000 0.0637
-5.6757 -1.6216 0.2171
2.4324 -2.9730 0.4775
2.7027 -4.0541 0.3108
-8.3784 7.2973 0.0638
-8.6486 2.7027 0.0951
-8.6486 -2.1622 0.0982
-6.4865 -7.0270 0.0856
1.6216 8.1081 0.1137
-6.7568 10.0000 0.0542
3.7838 -2.4324 0.3598
-2.7027 8.3784 0.1006
-5.9459 4.0541 0.1487
8.6486 -0.2703 0.1041
6.4865 -4.0541 0.1322
-3.7838 1.3514 0.4409
-5.1351 1.0811 0.2708
3.2432 10.0000 0.0711
-8.9189 -9.1892 0.0482
-10.0000 9.4595 0.0418
8.3784 -6.2162 0.0722
-8.3784 5.6757 0.0766
3.7838 3.5135 0.2791
1.0811 -7.2973 0.1418
-6.4865 5.4054 0.1092
-3.7838 6.2162 0.1456
-0.8108 -9.7297 0.0822
9.4595 7.8378 0.0523
-5.6757 6.7568 0.1002
-7.2973 5.4054 0.0947
2.7027 -0.5405 0.8336
-0.2703 8.1081 0.1180
-7.5676 7.2973 0.0711
4.3243 -7.5676 0.1026
7.2973 -9.4595 0.0553
-1.8919 3.5135 0.4463
4.3243 -4.3243 0.2030
1.6216 9.4595 0.0850
-4.3243 -9.4595 0.0726
-9.7297 -2.1622 0.0789
8.1081 -7.5676 0.0640
3.7838 -1.8919 0.4021
4.5946 3.2432 0.2379
-9.7297 5.4054 0.0635
4.3243 9.4595 0.0726
-9.4595 5.1351 0.0679
-3.2432 -1.3514 0.5577
-10.0000 -5.1351 0.0623
-1.0811 9.7297 0.0818
7.0270 5.6757 0.0957
2.7027 9.1892 0.0853
7.0270 4.3243 0.1142
-4.0541 -6.2162 0.1402
7.8378 6.2162 0.0784
-7.5676 5.1351 0.0934
5.6757 -4.3243 0.1512
4.8649 -4.3243 0.1803
9.4595 3.5135 0.0771
-6.2162 -2.4324 0.1718
6.4865 -1.8919 0.1679
-2.1622 7.0270 0.1427
-8.6486 -7.8378 0.0579
7.2973 1.6216 0.1382
-9.1892 -1.8919 0.0889
-5.1351 8.6486 0.0775
-3.5135 3.5135 0.2997
1.8919 -5.1351 0.2504
3.7838 -9.1892 0.0794
8.3784 1.3514 0.1081
-2.4324 -7.0270 0.1396
-9.1892 -2.9730 0.0840
9.4595 -5.6757 0.0647
-9.1892 -8.1081 0.0526
1.0811 8.3784 0.1090
1.8919 4.0541 0.3634
9.1892 -2.1622 0.0878
-1.3514 2.1622 0.9411
1.8919 2.4324 0.6959
1.8919 -5.9459 0.1954
6.2162 2.1622 0.1765
7.5676 -8.1081 0.0640
8.3784 8.6486 0.0544
-3.5135 -5.1351 0.1965
10.0000 3.5135 0.0700
-7.8378 -6.4865 0.0758
6.4865 4.0541 0.1322
-5.4054 -0.5405 0.2539
7.5676 1.6216 0.1292
-5.1351 -5.4054 0.1389
-7.0270 9.4595 0.0568
6.2162 0.8108 0.1937
1.0811 6.7568 0.1639
-2.1622 4.0541 0.3462
-7.2973 2.7027 0.1279
-5.1351 -10.0000 0.0623
0.2703 -0.8108 2.9299
9.4595 -6.4865 0.0599
-9.4595 0.0000 0.0874
1.8919 3.7838 0.4021
-1.0811 -5.6757 0.2261
2.9730 8.6486 0.0934
-8.1081 4.3243 0.0925
8.1081 -2.9730 0.1045
4.0541 -4.3243 0.2154
6.2162 -8.1081 0.0752
-8.9189 7.0270 0.0611
0.0000 -5.9459 0.2142
2.7027 -1.6216 0.6703
-1.8919 -3.5135 0.4463
-1.8919 -8.1081 0.1122
2.1622 -8.1081 0.1105
5.6757 10.0000 0.0596
8.3784 -2.9730 0.0987
-1.8919 -8.3784 0.1056
-4.5946 -3.2432 0.2379
-9.7297 0.0000 0.0828
5.6757 -3.7838 0.1648
5.6757 8.1081 0.0800
2.4324 -8.9189 0.0915
9.1892 7.0270 0.0589
5.4054 -7.8378 0.0863
-0.8108 0.2703 2.9299
9.7297 -3.2432 0.0746
8.6486 9.1892 0.0496
-4.0541 -6.4865 0.1322
7.2973 6.7568 0.0793
4.5946 -2.4324 0.2756
-3.7838 7.0270 0.1218
8.9189 3.2432 0.0869
9.4595 0.0000 0.0874
7.5676 -5.1351 0.0934
5.9459 8.1081 0.0776
1.0811 -4.5946 0.3295
3.5135 -4.5946 0.2256
8.9189 -1.6216 0.0950
-4.5946 4.0541 0.2023
-9.7297 8.6486 0.0467
-2.4324 -1.8919 0.6959
-3.5135 -5.9459 0.1610
-8.3784 4.3243 0.0880
-9.1892 -6.7568 0.0606
-3.7838 4.8649 0.2001
-7.5676 -4.3243 0.1026
-2.1622 7.5676 0.1251
-2.7027 -8.9189 0.0900
8.1081 -1.8919 0.1122
-4.5946 -1.6216 0.3108
-7.2973 1.3514 0.1402
7.5676 8.1081 0.0640
-1.3514 8.1081 0.1150
-2.9730 -5.9459 0.1732
4.0541 -4.8649 0.1900
-8.6486 0.2703 0.1041
-5.1351 -3.7838 0.1874
7.5676 -5.6757 0.0874
-6.4865 -9.7297 0.0577
8.1081 -3.7838 0.0975
-6.7568 9.4595 0.0583
9.7297 -0.8108 0.0822
9.7297 -9.4595 0.0430
8.1081 3.5135 0.0999
0.2703 -4.0541 0.4322
-1.0811 10.0000 0.0775
-5.1351 8.1081 0.0850
4.3243 1.6216 0.3429
3.5135 -9.1892 0.0810
-7.5676 -9.7297 0.0520
1.8919 -3.7838 0.4021
4.0541 -5.4054 0.1679
-5.4054 1.6216 0.2364
2.7027 -7.0270 0.1363
-6.4865 -3.7838 0.1370
3.5135 7.0270 0.1255
2.7027 -0.8108 0.8031
5.9459 -3.2432 0.1671
8.3784 -8.9189 0.0527
8.3784 6.2162 0.0722
-2.9730 -0.5405 0.7187
-8.1081 -5.4054 0.0825
8.6486 8.9189 0.0512
1.8919 -7.5676 0.1273
2.7027 0.8108 0.8031
7.0270 1.0811 0.1522
3.5135 2.4324 0.3948
-3.5135 -2.1622 0.4206
4.3243 5.9459 0.1427
-2.4324 7.8378 0.1154
-5.6757 -10.0000 0.0596
2.9730 2.1622 0.5157
-5.4054 4.3243 0.1603
-7.0270 -5.9459 0.0922
-9.7297 -0.2703 0.0827
10.0000 -10.0000 0.0396
-1.8919 3.7838 0.4021
-1.8919 -9.4595 0.0842
-4.8649 1.0811 0.2981
1.0811 7.0270 0.1522
9.4595 0.2703 0.0874
3.5135 0.8108 0.5333
5.4054 -7.2973 0.0947
-2.4324 -1.0811 0.8805
-5.4054 -4.3243 0.1603
-7.0270 5.6757 0.0957
-9.7297 5.9459 0.0606
-4.8649 2.1622 0.2637
0.2703 -7.2973 0.1446
-7.8378 2.4324 0.1154
-0.5405 -9.4595 0.0872
1.3514 3.7838 0.4409
2.4324 1.3514 0.8211
2.4324 8.9189 0.0915
0.0000 7.5676 0.1350
-5.9459 5.6757 0.1150
4.0541 -8.6486 0.0858
1.6216 3.7838 0.4222
6.4865 -2.1622 0.1641
-6.7568 -8.3784 0.0679
7.2973 9.7297 0.0534
3.5135 -4.8649 0.2105
5.4054 9.7297 0.0635
-5.1351 -6.7568 0.1081
-5.1351 9.4595 0.0679
-8.3784 -8.6486 0.0544
5.9459 -4.3243 0.1427
8.6486 8.6486 0.0528
7.0270 3.2432 0.1292
5.4054 -4.3243 0.1603
-2.9730 5.9459 0.1732
6.7568 -5.4054 0.1041
-5.1351 -7.2973 0.0980
-2.9730 1.6216 0.5940
-7.2973 1.0811 0.1418
2.7027 -9.1892 0.0853
-7.5676 4.5946 0.0995
-4.3243 7.5676 0.1026
7.8378 -8.6486 0.0579
8.1081 10.0000 0.0477
-9.7297 9.4595 0.0430
-0.8108 -7.2973 0.1431
1.6216 5.6757 0.2171
0.5405 -2.4324 0.9746
-4.5946 -7.2973 0.1048
-5.9459 -7.8378 0.0810
-3.7838 -0.8108 0.4713
0.2703 -8.6486 0.1041
-9.1892 -1.0811 0.0913
-10.0000 -7.0270 0.0528
-1.0811 -8.6486 0.1026
7.8378 8.9189 0.0560
-2.1622 9.1892 0.0878
3.5135 1.8919 0.4463
-10.0000 6.2162 0.0569
8.3784 5.1351 0.0812
-2.9730 -2.1622 0.5157
2.1622 -2.1622 0.7049
-4.3243 6.2162 0.1348
-9.4595 5.4054 0.0663
-6.7568 5.4054 0.1041
4.8649 5.4054 0.1458
6.7568 9.4595 0.0583
4.5946 -3.7838 0.2137
-3.5135 -2.4324 0.3948
4.8649 -4.0541 0.1900
-4.8649 3.7838 0.2001
8.3784 8.3784 0.0562
-5.4054 -4.5946 0.1529
0.2703 9.1892 0.0925
-9.1892 5.4054 0.0692
2.1622 -6.7568 0.1529
9.4595 -4.3243 0.0726
4.8649 -7.0270 0.1066
-4.3243 2.1622 0.3153
-1.0811 -0.8108 2.0909
5.4054 -6.7568 0.1041
-3.2432 -9.1892 0.0825
-0.8108 6.7568 0.1656
-9.1892 -7.0270 0.0589
1.6216 -2.1622 0.8598
-5.4054 -3.7838 0.1757
7.5676 6.2162 0.0817
4.3243 8.6486 0.0838
-7.2973 5.6757 0.0915
6.4865 0.0000 0.1815
1.3514 6.7568 0.1617
-7.0270 -7.0270 0.0794
-7.2973 8.1081 0.0661
-7.8378 -6.2162 0.0784
1.0811 5.6757 0.2261
-5.9459 1.3514 0.2042
7.5676 9.4595 0.0538
4.0541 2.7027 0.3108
9.4595 -6.7568 0.0583
-6.7568 -9.4595 0.0583
-5.9459 -4.5946 0.1368
5.9459 6.2162 0.1053
-10.0000 -7.5676 0.0502
3.2432 5.4054 0.1917
-8.1081 6.2162 0.0752
-6.4865 -6.2162 0.0967
2.4324 3.5135 0.3948
4.0541 8.3784 0.0903
-3.5135 2.7027 0.3695
-7.8378 9.7297 0.0506
6.7568 3.7838 0.1291
8.9189 -4.3243 0.0798
5.6757 -1.0811 0.2261
1.0811 2.4324 0.8805
0.0000 7.2973 0.1448
-2.4324 -1.3514 0.8211
-1.0811 5.4054 0.2470
9.7297 7.0270 0.0548
-2.4324 -8.6486 0.0967
0.2703 5.1351 0.2813
-3.7838 -6.2162 0.1456
-2.1622 -7.2973 0.1335
4.0541 -9.7297 0.0707
9.1892 0.8108 0.0918
-7.5676 6.7568 0.0762
5.1351 7.2973 0.0980
-7.2973 -6.2162 0.0852
8.1081 -8.6486 0.0561
1.3514 7.8378 0.1226
-0.5405 -10.0000 0.0782
-2.7027 7.2973 0.1279
1.6216 -9.4595 0.0850
-7.0270 -1.8919 0.1456
-5.9459 1.0811 0.2077
-0.2703 -1.0811 2.4678
-3.7838 7.8378 0.1029
-8.6486 3.2432 0.0916
-5.1351 -5.6757 0.1321
-8.6486 5.4054 0.0755
-2.7027 -8.1081 0.1066
-7.8378 -2.7027 0.1131
-7.0270 9.1892 0.0589
8.6486 -6.2162 0.0693
7.5676 2.9730 0.1175
-1.0811 -3.7838 0.4575
-9.7297 7.2973 0.0534
1.8919 5.9459 0.1954
-8.9189 -6.7568 0.0629
-7.5676 -5.6757 0.0874
-8.6486 6.4865 0.0673
5.1351 -1.3514 0.2649
-8.1081 5.4054 0.0825
1.0811 -5.1351 0.2708
1.6216 5.1351 0.2581
-3.2432 7.8378 0.1082
-5.6757 -0.2703 0.2333
0.2703 -6.7568 0.1676
4.0541 -2.9730 0.2933
-0.5405 -7.5676 0.1343
-1.0811 2.7027 0.7638
2.4324 -9.4595 0.0821
-9.4595 6.7568 0.0583
0.5405 -6.2162 0.1954
3.7838 1.0811 0.4575
-8.3784 8.6486 0.0544
4.3243 -3.2432 0.2563
9.7297 -4.0541 0.0707
1.0811 -3.2432 0.5845
8.3784 -6.4865 0.0700
-1.6216 3.2432 0.5281
-2.1622 -1.3514 0.9411
-7.2973 -2.7027 0.1279
10.0000 -7.2973 0.0515
-5.6757 7.0270 0.0957
1.8919 -9.7297 0.0798
-4.5946 -0.8108 0.3366
0.2703 7.5676 0.1348
1.0811 7.5676 0.1324
-9.4595 -2.7027 0.0810
-0.5405 -7.2973 0.1440
9.1892 -3.2432 0.0825
0.8108 0.2703 2.9299
-8.1081 -8.6486 0.0561
5.9459 -6.2162 0.1053
9.1892 -7.2973 0.0573
3.2432 8.1081 0.1022
2.1622 -1.0811 1.0199
-4.0541 -3.2432 0.2763
-1.3514 -0.8108 1.7843
-5.4054 -1.6216 0.2364
-3.5135 3.2432 0.3218
7.5676 6.4865 0.0789
-7.2973 -6.4865 0.0822
-0.8108 -8.9189 0.0973
7.2973 1.8919 0.1360
5.6757 -1.6216 0.2171
6.7568 -9.4595 0.0583
2.4324 -0.8108 0.9330
-6.2162 8.1081 0.0752
-8.1081 1.3514 0.1150
7.8378 3.5135 0.1056
3.2432 -8.3784 0.0967
-9.4595 -7.8378 0.0523
-3.2432 9.7297 0.0746
5.1351 0.5405 0.2791
10.0000 7.5676 0.0502
-9.4595 -7.5676 0.0538
0.0000 -8.3784 0.1108
-6.4865 -6.7568 0.0892
-5.1351 -3.5135 0.1965
-3.7838 3.2432 0.2981
5.1351 2.9730 0.2150
-9.7297 -1.6216 0.0806
-5.6757 -9.4595 0.0647
5.1351 8.1081 0.0850
0.8108 2.9730 0.6959
-9.7297 6.4865 0.0577
3.7838 8.3784 0.0925
-8.3784 3.7838 0.0925
2.9730 1.3514 0.6317
2.7027 -1.8919 0.6209
1.0811 -6.2162 0.1913
1.8919 -5.4054 0.2299
-9.1892 3.2432 0.0825
-2.4324 -0.5405 0.9746
8.9189 -8.6486 0.0512
-7.0270 -1.3514 0.1504
7.5676 -3.2432 0.1146
10.0000 0.8108 0.0779
6.4865 -7.2973 0.0822
-9.7297 -8.6486 0.0467
9.4595 4.5946 0.0711
3.5135 5.6757 0.1718
1.0811 8.1081 0.1161
-5.6757 1.8919 0.2117
2.4324 5.6757 0.1994
2.7027 1.0811 0.7638
-2.1622 1.8919 0.7802
7.0270 8.9189 0.0611
-6.2162 6.2162 0.1009
-2.9730 -1.6216 0.5940
-2.7027 -6.7568 0.1456
-9.7297 9.1892 0.0442
-9.1892 4.5946 0.0744
7.2973 -6.7568 0.0793
-5.1351 7.0270 0.1029
-5.6757 -2.1622 0.2057
-6.4865 5.6757 0.1049
2.9730 6.2162 0.1617
-6.2162 5.4054 0.1145
-6.4865 -5.9459 0.1007
1.6216 -0.5405 1.6254
-6.2162 -2.9730 0.1617
-8.3784 9.7297 0.0479
4.0541 9.4595 0.0741
-1.6216 -2.4324 0.7586
9.4595 9.7297 0.0430
5.1351 2.7027 0.2243
-8.1081 2.1622 0.1105
-2.9730 -7.0270 0.1329
-2.4324 8.3784 0.1024
2.9730 0.2703 0.7332
7.0270 1.6216 0.1481
-2.7027 10.0000 0.0732
1.3514 2.4324 0.8211
3.5135 -5.4054 0.1836
6.2162 -7.2973 0.0852
3.2432 6.4865 0.1465
8.3784 5.9459 0.0744
-2.9730 -1.8919 0.5549
3.5135 0.0000 0.5577
-4.3243 2.9730 0.2708
-1.8919 9.4595 0.0842
5.6757 6.7568 0.1002
7.2973 0.0000 0.1448
-4.0541 -10.0000 0.0675
6.4865 -6.2162 0.0967
-3.7838 -6.4865 0.1370
8.6486 -0.5405 0.1038
0.2703 -2.9730 0.7332
-6.2162 -1.6216 0.1849
5.1351 2.4324 0.2333
1.6216 7.2973 0.1382
-4.0541 6.7568 0.1248
8.6486 2.1622 0.0982
9.4595 -7.2973 0.0553
0.5405 7.5676 0.1343
8.1081 -5.9459 0.0776
-5.9459 3.7838 0.1548
-0.8108 -2.7027 0.8031
-7.0270 -2.7027 0.1363
4.0541 8.1081 0.0950
-8.9189 -1.0811 0.0967
6.4865 -2.9730 0.1512
5.4054 -4.8649 0.1458
9.4595 0.8108 0.0868
-4.3243 -1.3514 0.3551
-9.4595 -1.0811 0.0863
-2.9730 9.4595 0.0797
-5.6757 0.8108 0.2294
-10.0000 -5.9459 0.0582
6.2162 7.5676 0.0817
3.5135 0.2703 0.5549
-4.5946 0.0000 0.3462
-4.5946 -0.2703 0.3451
7.2973 4.8649 0.1014
-6.7568 3.2432 0.1375
1.3514 8.6486 0.1017
9.7297 4.8649 0.0665
1.3514 -5.1351 0.2649
-1.8919 -8.9189 0.0940
10.0000 9.1892 0.0429
3.7838 5.9459 0.1548
10.0000 1.0811 0.0775
-5.4054 -7.2973 0.0947
8.9189 2.9730 0.0885
-5.6757 -1.8919 0.2117
10.0000 -1.8919 0.0758
-0.5405 5.9459 0.2125
0.0000 -8.9189 0.0981
-7.0270 -6.2162 0.0889
6.4865 7.2973 0.0822
-8.9189 8.1081 0.0543
4.0541 -6.4865 0.1322
-8.3784 8.3784 0.0562
-4.5946 -8.3784 0.0857
9.7297 3.7838 0.0721
-4.3243 -4.3243 0.2030
-7.5676 1.3514 0.1309
-5.1351 5.1351 0.1461
5.6757 5.4054 0.1261
-7.8378 7.5676 0.0663
4.3243 -5.6757 0.1512
0.5405 -4.5946 0.3418
7.2973 -3.7838 0.1150
1.3514 -9.7297 0.0812
-2.1622 -1.0811 1.0199
-7.0270 8.9189 0.0611
-7.2973 -9.7297 0.0534
6.2162 5.1351 0.1194
7.2973 -4.0541 0.1116
-5.1351 7.5676 0.0934
5.4054 -3.5135 0.1836
0.0000 -7.0270 0.1557
3.7838 -0.8108 0.4713
-5.4054 -5.4054 0.1324
-5.4054 -8.3784 0.0789
-2.1622 8.1081 0.1105
-3.2432 1.3514 0.5577
2.1622 7.8378 0.1175
4.8649 0.2703 0.3108
-7.8378 5.4054 0.0863
-7.5676 2.7027 0.1202
0.0000 -0.5405 3.4901
-10.0000 -1.6216 0.0765
-6.2162 3.2432 0.1564
-7.8378 -4.5946 0.0946
1.8919 -8.6486 0.0995
0.2703 2.4324 1.0013
4.3243 -6.2162 0.1348
-5.6757 -7.0270 0.0957
0.8108 0.0000 3.0104
1.3514 0.0000 2.0909
5.1351 -1.6216 0.2581
-1.3514 6.2162 0.1884
2.7027 3.2432 0.4036
4.8649 -3.5135 0.2105
1.6216 0.5405 1.6254
-5.1351 1.6216 0.2581
-1.8919 -8.6486 0.0995
9.7297 -5.4054 0.0635
6.2162 -6.7568 0.0927
2.9730 1.0811 0.6663
5.1351 3.2432 0.2057
2.7027 1.3514 0.7187
4.0541 -2.4324 0.3285
-5.1351 -2.7027 0.2243
1.8919 2.7027 0.6209
-0.5405 0.0000 3.4901
0.0000 5.6757 0.2338
-3.7838 -7.0270 0.1218
-5.9459 8.3784 0.0744
5.6757 9.4595 0.0647
4.8649 0.8108 0.3039
4.8649 9.4595 0.0695
1.3514 -4.0541 0.3948
-3.7838 5.9459 0.1548
-3.5135 -4.5946 0.2256
-3.5135 6.7568 0.1333
-5.9459 -1.8919 0.1954
0.8108 10.0000 0.0779
-5.1351 -9.7297 0.0650
2.7027 6.2162 0.1669
3.2432 -2.1622 0.4653
9.7297 -5.9459 0.0606
7.0270 -9.4595 0.0568
7.5676 3.5135 0.1117
9.4595 -1.0811 0.0863
-7.5676 -10.0000 0.0502
2.4324 7.8378 0.1154
0.8108 4.3243 0.3746
-5.4054 -2.9730 0.1997
-4.0541 6.4865 0.1322
9.1892 -8.1081 0.0526
6.2162 -3.5135 0.1510
-1.3514 5.9459 0.2042
-7.0270 2.9730 0.1329
-1.8919 1.6216 0.9746
7.8378 -8.9189 0.0560
-5.1351 -6.2162 0.1194
9.4595 -2.9730 0.0797
-6.7568 -1.6216 0.1591
-4.3243 0.5405 0.3811
-4.5946 -7.8378 0.0946
-7.2973 -3.2432 0.1216
-9.7297 -1.3514 0.0812
5.4054 4.3243 0.1603
-2.4324 5.6757 0.1994
4.8649 -5.9459 0.1311
-7.5676 8.1081 0.0640
8.1081 -8.3784 0.0580
1.3514 0.5405 1.9425
-3.5135 -0.2703 0.5549
4.0541 -6.7568 0.1248
4.0541 1.6216 0.3798
-4.0541 4.3243 0.2154
1.0811 4.5946 0.3295
9.7297 -10.0000 0.0407
8.6486 7.2973 0.0615
8.1081 2.1622 0.1105
-4.8649 -3.7838 0.2001
5.4054 1.8919 0.2299
-8.9189 1.3514 0.0960
4.0541 7.0270 0.1180
-4.5946 3.7838 0.2137
4.3243 -1.6216 0.3429
7.2973 10.0000 0.0515
9.1892 -4.0541 0.0778
-2.9730 -0.8108 0.6959
1.8919 -7.2973 0.1360
-4.5946 1.6216 0.3108
-5.9459 -5.9459 0.1100
5.6757 8.3784 0.0766
-9.7297 -7.5676 0.0520
-2.1622 -9.7297 0.0789
1.3514 -0.8108 1.7843
-7.8378 -0.8108 0.1248
-2.1622 8.6486 0.0982
-1.3514 -2.7027 0.7187
1.8919 7.5676 0.1273
-9.4595 9.7297 0.0430
0.2703 -9.7297 0.0827
-0.5405 -4.5946 0.3418
2.7027 -4.5946 0.2630
-3.7838 -3.7838 0.2611
-5.4054 -8.1081 0.0825
8.6486 3.7838 0.0878
-5.6757 -1.3514 0.2220
10.0000 -5.9459 0.0582
-5.4054 9.7297 0.0635
-9.1892 -3.2432 0.0825
8.9189 -9.1892 0.0482
-2.7027 0.8108 0.8031
-5.9459 -3.7838 0.1548
5.9459 9.7297 0.0606
-4.5946 9.1892 0.0744
-6.2162 -10.0000 0.0569
-0.8108 -4.5946 0.3366
2.4324 -1.8919 0.6959
-3.2432 -5.1351 0.2057
5.9459 -6.4865 0.1007
10.0000 2.9730 0.0722
9.7297 1.0811 0.0818
5.9459 5.1351 0.1255
-0.8108 6.2162 0.1937
-5.1351 -5.9459 0.1255
2.1622 5.4054 0.2229
4.0541 -2.1622 0.3462
9.4595 5.9459 0.0631
5.9459 10.0000 0.0582
-5.9459 8.6486 0.0713
-8.9189 10.0000 0.0441
5.6757 -0.8108 0.2294
-1.3514 -7.0270 0.1504
3.2432 -7.5676 0.1146
0.5405 8.9189 0.0978
6.4865 -3.2432 0.1465
-3.7838 5.4054 0.1757
-5.9459 5.9459 0.1100
0.8108 -5.4054 0.2510
4.3243 2.1622 0.3153
-6.7568 8.6486 0.0653
-0.8108 2.4324 0.9330
-3.7838 -4.8649 0.2001
-5.6757 -4.8649 0.1382
-7.8378 2.1622 0.1175
-9.7297 -6.7568 0.0562
-5.1351 2.4324 0.2333
6.4865 -8.3784 0.0700
-3.2432 -3.5135 0.3218
8.3784 -5.4054 0.0789
7.2973 -3.2432 0.1216
-1.3514 7.2973 0.1402
-7.0270 5.1351 0.1029
4.5946 0.5405 0.3418
3.7838 9.7297 0.0721
0.0000 -1.6216 1.7280
5.9459 -9.1892 0.0657
7.8378 4.0541 0.1002
-2.9730 4.0541 0.2933
7.0270 -6.4865 0.0856
6.7568 -5.1351 0.1081
0.2703 8.3784 0.1107
-4.8649 -5.1351 0.1537
-7.5676 -1.8919 0.1273
-5.9459 9.7297 0.0606
-2.1622 0.2703 1.1855
2.4324 -3.5135 0.3948
4.0541 -0.8108 0.4190
3.2432 0.2703 0.6353
3.5135 -1.6216 0.4713
-0.8108 2.7027 0.8031
-5.9459 0.0000 0.2142
-7.8378 9.1892 0.0541
-3.2432 7.2973 0.1216
9.4595 -3.5135 0.0771
1.0811 -0.2703 2.4678
3.5135 -7.2973 0.1184
6.7568 -1.8919 0.1561
7.0270 -7.8378 0.0709
6.2162 7.2973 0.0852
8.9189 5.4054 0.0722
-0.5405 -6.7568 0.1669
7.8378 -1.6216 0.1211
4.3243 9.7297 0.0693
-6.2162 -7.5676 0.0817
-5.4054 2.9730 0.1997
-4.3243 -1.8919 0.3295
7.0270 0.5405 0.1548
-6.7568 1.0811 0.1639
-2.7027 1.8919 0.6209
-4.8649 -3.2432 0.2211
3.5135 -1.8919 0.4463
-8.3784 -7.0270 0.0658
5.4054 5.6757 0.1261
4.8649 5.9459 0.1311
-5.9459 3.2432 0.1671
7.2973 -5.6757 0.0915
-9.4595 8.1081 0.0509
7.0270 2.4324 0.1396
6.7568 2.9730 0.1416
-1.3514 5.6757 0.2220
5.1351 3.5135 0.1965
-6.7568 4.3243 0.1206
7.2973 -5.9459 0.0883
-3.5135 0.0000 0.5577
-6.4865 0.5405 0.1803
6.4865 0.5405 0.1803
10.0000 3.7838 0.0688
4.3243 -6.4865 0.1274
-8.9189 -8.1081 0.0543
-8.1081 8.9189 0.0543
4.8649 9.7297 0.0665
-1.3514 4.3243 0.3551
-6.7568 -3.2432 0.1375
5.1351 4.0541 0.1786
2.7027 2.7027 0.4817
-0.8108 -6.4865 0.1788
5.9459 8.3784 0.0744
-8.1081 -8.3784 0.0580
-0.5405 6.2162 0.1954
-3.2432 -1.8919 0.4970
-9.7297 10.0000 0.0407
5.9459 0.2703 0.2137
-7.8378 5.6757 0.0836
-1.0811 -1.3514 1.6016
2.9730 2.7027 0.4409
9.7297 5.6757 0.0621
-9.7297 8.3784 0.0479
-4.0541 6.2162 0.1402
-7.5676 -8.6486 0.0597
-7.5676 -4.5946 0.0995
-5.1351 -4.8649 0.1537
-9.1892 8.6486 0.0496
4.5946 3.7838 0.2137
-0.8108 5.4054 0.2510
7.5676 0.8108 0.1335
-4.0541 2.9730 0.2933
-6.2162 0.5405 0.1954
3.7838 -8.9189 0.0835
-6.2162 -7.0270 0.0889
8.9189 5.9459 0.0684
6.7568 4.5946 0.1163
10.0000 6.7568 0.0542
-5.1351 9.7297 0.0650
-4.5946 -8.1081 0.0900
0.8108 -5.9459 0.2105
-3.5135 1.8919 0.4463
5.1351 6.7568 0.1081
-7.2973 -5.9459 0.0883
3.2432 8.6486 0.0916
7.2973 9.1892 0.0573
1.0811 0.8108 2.0909
2.9730 -3.2432 0.3746
-7.0270 -10.0000 0.0528
-3.7838 2.4324 0.3598
0.8108 -4.5946 0.3366
4.8649 -9.7297 0.0665
0.2703 -0.5405 3.3823
-8.3784 -1.3514 0.1081
7.0270 -2.4324 0.1396
-9.4595 7.0270 0.0568
4.8649 4.0541 0.1900
-2.7027 -0.2703 0.8531
-7.5676 -4.0541 0.1057
4.8649 1.0811 0.2981
-8.3784 -6.7568 0.0679
-1.8919 4.5946 0.2997
7.8378 -5.6757 0.0836
2.4324 6.4865 0.1600
-1.6216 3.5135 0.4713
-0.2703 -4.3243 0.3851
-8.3784 0.2703 0.1107
-5.9459 9.1892 0.0657
8.1081 -8.1081 0.0599
2.7027 -6.7568 0.1456
2.9730 -1.6216 0.5940
3.7838 -9.7297 0.0721
6.7568 5.6757 0.1002
5.1351 -8.6486 0.0775
5.9459 -8.1081 0.0776
-10.0000 -1.8919 0.0758
-2.7027 -10.0000 0.0732
-0.8108 0.8108 2.4134
-8.6486 4.3243 0.0838
-5.9459 0.2703 0.2137
2.1622 5.6757 0.2057
-0.2703 -6.7568 0.1676
1.0811 -9.1892 0.0913
3.5135 9.7297 0.0734
2.1622 -1.6216 0.8598
0.5405 -6.4865 0.1803
2.1622 -9.7297 0.0789
-9.1892 3.7838 0.0794
2.4324 8.1081 0.1086
-8.1081 -9.4595 0.0509
-1.8919 4.0541 0.3634
4.3243 -0.2703 0.3851
9.4595 -9.4595 0.0442
-6.7568 -7.5676 0.0762
2.9730 1.8919 0.5549
5.1351 6.2162 0.1194
1.6216 -8.6486 0.1007
1.0811 -10.0000 0.0775
-0.2703 -2.4324 1.0013
8.1081 3.7838 0.0975
6.4865 -2.4324 0.1600
2.4324 9.7297 0.0780
5.1351 -1.8919 0.2504
7.5676 -5.4054 0.0904
1.8919 -3.2432 0.4970
-4.0541 -8.1081 0.0950
3.7838 10.0000 0.0688
1.3514 0.2703 2.0517
-7.5676 -8.1081 0.0640
2.4324 4.0541 0.3285
-7.8378 1.8919 0.1194
1.0811 -7.0270 0.1522
-4.8649 5.4054 0.1458
4.5946 -7.2973 0.1048
-4.3243 -8.3784 0.0880
-9.4595 4.0541 0.0741
-4.0541 4.8649 0.1900
7.0270 2.9730 0.1329
-6.4865 7.0270 0.0856
-7.0270 -3.5135 0.1255
-8.9189 -8.9189 0.0497
-5.9459 2.7027 0.1791
5.1351 8.9189 0.0741
-5.1351 4.3243 0.1700
-2.1622 0.5405 1.1482
-4.0541 -1.0811 0.4081
-9.1892 -2.1622 0.0878
4.5946 -1.0811 0.3295
4.3243 -5.9459 0.1427
10.0000 -2.9730 0.0722
9.1892 -7.0270 0.0589
1.6216 3.5135 0.4713
-9.1892 -8.3784 0.0511
-3.5135 -1.6216 0.4713
-4.0541 5.6757 0.1580
4.3243 -1.3514 0.3551
7.5676 -1.8919 0.1273
-4.3243 3.2432 0.2563
-1.0811 -5.1351 0.2708
4.0541 -7.0270 0.1180
5.1351 -5.4054 0.1389
3.5135 -6.4865 0.1418
-2.9730 -6.4865 0.1512
3.5135 -3.7838 0.2791
7.5676 4.0541 0.1057
6.2162 4.5946 0.1296
5.4054 1.3514 0.2421
-7.0270 8.3784 0.0658
-2.4324 -7.2973 0.1308
0.5405 3.5135 0.5466
4.8649 0.0000 0.3117
-1.3514 3.5135 0.4947
-1.8919 7.2973 0.1360
2.9730 4.0541 0.2933
3.5135 -1.0811 0.5157
9.4595 -4.0541 0.0741
-7.8378 -7.0270 0.0709
-2.4324 -5.9459 0.1849
6.2162 1.3514 0.1884
-6.7568 5.9459 0.0964
-8.9189 -6.4865 0.0647
1.8919 6.2162 0.1809
-6.7568 -0.5405 0.1669
0.5405 -4.3243 0.3811
7.8378 -2.7027 0.1131
0.5405 -0.5405 3.0955
-5.9459 6.2162 0.1053
0.0000 6.7568 0.1679
-4.0541 -6.7568 0.1248
-2.9730 4.5946 0.2504
-10.0000 6.4865 0.0555
9.4595 9.1892 0.0455
2.4324 6.2162 0.1718
-1.6216 4.8649 0.2827
7.5676 1.8919 0.1273
5.4054 3.5135 0.1836
7.0270 5.9459 0.0922
-3.7838 8.1081 0.0975
-1.3514 1.0811 1.6016
-10.0000 -9.1892 0.0429
8.6486 9.7297 0.0467
10.0000 -1.6216 0.0765
2.4324 2.4324 0.5783
6.4865 8.1081 0.0728
-7.0270 6.2162 0.0889
-6.7568 -1.8919 0.1561
9.7297 -2.1622 0.0789
-7.5676 -5.4054 0.0904
-4.3243 -6.4865 0.1274
2.7027 5.1351 0.2243
8.9189 7.0270 0.0611
4.0541 5.9459 0.1487
2.7027 -5.6757 0.1927
-3.7838 2.9730 0.3180
0.5405 2.9730 0.7187
-8.6486 -4.5946 0.0817
