2 1
-3.0000 -3.0000 41.0000
-2.8776 -3.0000 40.0354
-2.7551 -3.0000 39.1008
-2.6327 -3.0000 38.1962
-2.5102 -3.0000 37.3215
-2.3878 -3.0000 36.4769
-2.2653 -3.0000 35.6622
-2.1429 -3.0000 34.8776
-2.0204 -3.0000 34.1229
-1.8980 -3.0000 33.3982
-1.7755 -3.0000 32.7035
-1.6531 -3.0000 32.0387
-1.5306 -3.0000 31.4040
-1.4082 -3.0000 30.7993
-1.2857 -3.0000 30.2245
-1.1633 -3.0000 29.6797
-1.0408 -3.0000 29.1649
-0.9184 -3.0000 28.6801
-0.7959 -3.0000 28.2253
-0.6735 -3.0000 27.8005
-0.5510 -3.0000 27.4057
-0.4286 -3.0000 27.0408
-0.3061 -3.0000 26.7060
-0.1837 -3.0000 26.4011
-0.0612 -3.0000 26.1262
0.0612 -3.0000 25.8813
0.1837 -3.0000 25.6664
0.3061 -3.0000 25.4815
0.4286 -3.0000 25.3265
0.5510 -3.0000 25.2016
0.6735 -3.0000 25.1066
0.7959 -3.0000 25.0416
0.9184 -3.0000 25.0067
1.0408 -3.0000 25.0017
1.1633 -3.0000 25.0267
1.2857 -3.0000 25.0816
1.4082 -3.0000 25.1666
1.5306 -3.0000 25.2815
1.6531 -3.0000 25.4265
1.7755 -3.0000 25.6014
1.8980 -3.0000 25.8063
2.0204 -3.0000 26.0412
2.1429 -3.0000 26.3061
2.2653 -3.0000 26.6010
2.3878 -3.0000 26.9259
2.5102 -3.0000 27.2807
2.6327 -3.0000 27.6656
2.7551 -3.0000 28.0804
2.8776 -3.0000 28.5252
3.0000 -3.0000 29.0000
-3.0000 -2.8776 39.7905
-2.8776 -2.8776 38.8259
-2.7551 -2.8776 37.8913
-2.6327 -2.8776 36.9867
-2.5102 -2.8776 36.1120
-2.3878 -2.8776 35.2674
-2.2653 -2.8776 34.4527
-2.1429 -2.8776 33.6681
-2.0204 -2.8776 32.9134
-1.8980 -2.8776 32.1887
-1.7755 -2.8776 31.4940
-1.6531 -2.8776 30.8292
-1.5306 -2.8776 30.1945
-1.4082 -2.8776 29.5898
-1.2857 -2.8776 29.0150
-1.1633 -2.8776 28.4702
-1.0408 -2.8776 27.9554
-0.9184 -2.8776 27.4706
-0.7959 -2.8776 27.0158
-0.6735 -2.8776 26.5910
-0.5510 -2.8776 26.1962
-0.4286 -2.8776 25.8313
-0.3061 -2.8776 25.4965
-0.1837 -2.8776 25.1916
-0.0612 -2.8776 24.9167
0.0612 -2.8776 24.6718
0.1837 -2.8776 24.4569
0.3061 -2.8776 24.2720
0.4286 -2.8776 24.1170
0.5510 -2.8776 23.9921
0.6735 -2.8776 23.8971
0.7959 -2.8776 23.8322
0.9184 -2.8776 23.7972
1.0408 -2.8776 23.7922
1.1633 -2.8776 23.8172
1.2857 -2.8776 23.8721
1.4082 -2.8776 23.9571
1.5306 -2.8776 24.0721
1.6531 -2.8776 24.2170
1.7755 -2.8776 24.3919
1.8980 -2.8776 24.5968
2.0204 -2.8776 24.8317
2.1429 -2.8776 25.0966
2.2653 -2.8776 25.3915
2.3878 -2.8776 25.7164
2.5102 -2.8776 26.0712
2.6327 -2.8776 26.4561
2.7551 -2.8776 26.8709
2.8776 -2.8776 27.3157
3.0000 -2.8776 27.7905
-3.0000 -2.7551 38.6110
-2.8776 -2.7551 37.6464
-2.7551 -2.7551 36.7118
-2.6327 -2.7551 35.8072
-2.5102 -2.7551 34.9325
-2.3878 -2.7551 34.0879
-2.2653 -2.7551 33.2732
-2.1429 -2.7551 32.4885
-2.0204 -2.7551 31.7339
-1.8980 -2.7551 31.0092
-1.7755 -2.7551 30.3145
-1.6531 -2.7551 29.6497
-1.5306 -2.7551 29.0150
-1.4082 -2.7551 28.4102
-1.2857 -2.7551 27.8355
-1.1633 -2.7551 27.2907
-1.0408 -2.7551 26.7759
-0.9184 -2.7551 26.2911
-0.7959 -2.7551 25.8363
-0.6735 -2.7551 25.4115
-0.5510 -2.7551 25.0167
-0.4286 -2.7551 24.6518
-0.3061 -2.7551 24.3170
-0.1837 -2.7551 24.0121
-0.0612 -2.7551 23.7372
0.0612 -2.7551 23.4923
0.1837 -2.7551 23.2774
0.3061 -2.7551 23.0925
0.4286 -2.7551 22.9375
0.5510 -2.7551 22.8126
0.6735 -2.7551 22.7176
0.7959 -2.7551 22.6526
0.9184 -2.7551 22.6177
1.0408 -2.7551 22.6127
1.1633 -2.7551 22.6377
1.2857 -2.7551 22.6926
1.4082 -2.7551 22.7776
1.5306 -2.7551 22.8925
1.6531 -2.7551 23.0375
1.7755 -2.7551 23.2124
1.8980 -2.7551 23.4173
2.0204 -2.7551 23.6522
2.1429 -2.7551 23.9171
2.2653 -2.7551 24.2120
2.3878 -2.7551 24.5369
2.5102 -2.7551 24.8917
2.6327 -2.7551 25.2766
2.7551 -2.7551 25.6914
2.8776 -2.7551 26.1362
3.0000 -2.7551 26.6110
-3.0000 -2.6327 37.4615
-2.8776 -2.6327 36.4969
-2.7551 -2.6327 35.5623
-2.6327 -2.6327 34.6576
-2.5102 -2.6327 33.7830
-2.3878 -2.6327 32.9384
-2.2653 -2.6327 32.1237
-2.1429 -2.6327 31.3390
-2.0204 -2.6327 30.5843
-1.8980 -2.6327 29.8596
-1.7755 -2.6327 29.1649
-1.6531 -2.6327 28.5002
-1.5306 -2.6327 27.8655
-1.4082 -2.6327 27.2607
-1.2857 -2.6327 26.6860
-1.1633 -2.6327 26.1412
-1.0408 -2.6327 25.6264
-0.9184 -2.6327 25.1416
-0.7959 -2.6327 24.6868
-0.6735 -2.6327 24.2620
-0.5510 -2.6327 23.8671
-0.4286 -2.6327 23.5023
-0.3061 -2.6327 23.1674
-0.1837 -2.6327 22.8626
-0.0612 -2.6327 22.5877
0.0612 -2.6327 22.3428
0.1837 -2.6327 22.1279
0.3061 -2.6327 21.9429
0.4286 -2.6327 21.7880
0.5510 -2.6327 21.6631
0.6735 -2.6327 21.5681
0.7959 -2.6327 21.5031
0.9184 -2.6327 21.4681
1.0408 -2.6327 21.4631
1.1633 -2.6327 21.4881
1.2857 -2.6327 21.5431
1.4082 -2.6327 21.6281
1.5306 -2.6327 21.7430
1.6531 -2.6327 21.8880
1.7755 -2.6327 22.0629
1.8980 -2.6327 22.2678
2.0204 -2.6327 22.5027
2.1429 -2.6327 22.7676
2.2653 -2.6327 23.0625
2.3878 -2.6327 23.3873
2.5102 -2.6327 23.7422
2.6327 -2.6327 24.1270
2.7551 -2.6327 24.5419
2.8776 -2.6327 24.9867
3.0000 -2.6327 25.4615
-3.0000 -2.5102 36.3419
-2.8776 -2.5102 35.3773
-2.7551 -2.5102 34.4427
-2.6327 -2.5102 33.5381
-2.5102 -2.5102 32.6635
-2.3878 -2.5102 31.8188
-2.2653 -2.5102 31.0042
-2.1429 -2.5102 30.2195
-2.0204 -2.5102 29.4648
-1.8980 -2.5102 28.7401
-1.7755 -2.5102 28.0454
-1.6531 -2.5102 27.3807
-1.5306 -2.5102 26.7459
-1.4082 -2.5102 26.1412
-1.2857 -2.5102 25.5664
-1.1633 -2.5102 25.0217
-1.0408 -2.5102 24.5069
-0.9184 -2.5102 24.0221
-0.7959 -2.5102 23.5673
-0.6735 -2.5102 23.1424
-0.5510 -2.5102 22.7476
-0.4286 -2.5102 22.3828
-0.3061 -2.5102 22.0479
-0.1837 -2.5102 21.7430
-0.0612 -2.5102 21.4681
0.0612 -2.5102 21.2232
0.1837 -2.5102 21.0083
0.3061 -2.5102 20.8234
0.4286 -2.5102 20.6685
0.5510 -2.5102 20.5435
0.6735 -2.5102 20.4486
0.7959 -2.5102 20.3836
0.9184 -2.5102 20.3486
1.0408 -2.5102 20.3436
1.1633 -2.5102 20.3686
1.2857 -2.5102 20.4236
1.4082 -2.5102 20.5085
1.5306 -2.5102 20.6235
1.6531 -2.5102 20.7684
1.7755 -2.5102 20.9434
1.8980 -2.5102 21.1483
2.0204 -2.5102 21.3832
2.1429 -2.5102 21.6481
2.2653 -2.5102 21.9429
2.3878 -2.5102 22.2678
2.5102 -2.5102 22.6227
2.6327 -2.5102 23.0075
2.7551 -2.5102 23.4223
2.8776 -2.5102 23.8671
3.0000 -2.5102 24.3419
-3.0000 -2.3878 35.2524
-2.8776 -2.3878 34.2878
-2.7551 -2.3878 33.3532
-2.6327 -2.3878 32.4486
-2.5102 -2.3878 31.5739
-2.3878 -2.3878 30.7293
-2.2653 -2.3878 29.9146
-2.1429 -2.3878 29.1299
-2.0204 -2.3878 28.3753
-1.8980 -2.3878 27.6506
-1.7755 -2.3878 26.9559
-1.6531 -2.3878 26.2911
-1.5306 -2.3878 25.6564
-1.4082 -2.3878 25.0516
-1.2857 -2.3878 24.4769
-1.1633 -2.3878 23.9321
-1.0408 -2.3878 23.4173
-0.9184 -2.3878 22.9325
-0.7959 -2.3878 22.4777
-0.6735 -2.3878 22.0529
-0.5510 -2.3878 21.6581
-0.4286 -2.3878 21.2932
-0.3061 -2.3878 20.9584
-0.1837 -2.3878 20.6535
-0.0612 -2.3878 20.3786
0.0612 -2.3878 20.1337
0.1837 -2.3878 19.9188
0.3061 -2.3878 19.7339
0.4286 -2.3878 19.5789
0.5510 -2.3878 19.4540
0.6735 -2.3878 19.3590
0.7959 -2.3878 19.2940
0.9184 -2.3878 19.2591
1.0408 -2.3878 19.2541
1.1633 -2.3878 19.2791
1.2857 -2.3878 19.3340
1.4082 -2.3878 19.4190
1.5306 -2.3878 19.5339
1.6531 -2.3878 19.6789
1.7755 -2.3878 19.8538
1.8980 -2.3878 20.0587
2.0204 -2.3878 20.2936
2.1429 -2.3878 20.5585
2.2653 -2.3878 20.8534
2.3878 -2.3878 21.1783
2.5102 -2.3878 21.5331
2.6327 -2.3878 21.9180
2.7551 -2.3878 22.3328
2.8776 -2.3878 22.7776
3.0000 -2.3878 23.2524
-3.0000 -2.2653 34.1928
-2.8776 -2.2653 33.2282
-2.7551 -2.2653 32.2936
-2.6327 -2.2653 31.3890
-2.5102 -2.2653 30.5144
-2.3878 -2.2653 29.6697
-2.2653 -2.2653 28.8551
-2.1429 -2.2653 28.0704
-2.0204 -2.2653 27.3157
-1.8980 -2.2653 26.5910
-1.7755 -2.2653 25.8963
-1.6531 -2.2653 25.2316
-1.5306 -2.2653 24.5968
-1.4082 -2.2653 23.9921
-1.2857 -2.2653 23.4173
-1.1633 -2.2653 22.8726
-1.0408 -2.2653 22.3578
-0.9184 -2.2653 21.8730
-0.7959 -2.2653 21.4182
-0.6735 -2.2653 20.9933
-0.5510 -2.2653 20.5985
-0.4286 -2.2653 20.2337
-0.3061 -2.2653 19.8988
-0.1837 -2.2653 19.5939
-0.0612 -2.2653 19.3190
0.0612 -2.2653 19.0741
0.1837 -2.2653 18.8592
0.3061 -2.2653 18.6743
0.4286 -2.2653 18.5194
0.5510 -2.2653 18.3944
0.6735 -2.2653 18.2995
0.7959 -2.2653 18.2345
0.9184 -2.2653 18.1995
1.0408 -2.2653 18.1945
1.1633 -2.2653 18.2195
1.2857 -2.2653 18.2745
1.4082 -2.2653 18.3594
1.5306 -2.2653 18.4744
1.6531 -2.2653 18.6193
1.7755 -2.2653 18.7943
1.8980 -2.2653 18.9992
2.0204 -2.2653 19.2341
2.1429 -2.2653 19.4990
2.2653 -2.2653 19.7938
2.3878 -2.2653 20.1187
2.5102 -2.2653 20.4736
2.6327 -2.2653 20.8584
2.7551 -2.2653 21.2732
2.8776 -2.2653 21.7180
3.0000 -2.2653 22.1928
-3.0000 -2.1429 33.1633
-2.8776 -2.1429 32.1987
-2.7551 -2.1429 31.2641
-2.6327 -2.1429 30.3594
-2.5102 -2.1429 29.4848
-2.3878 -2.1429 28.6401
-2.2653 -2.1429 27.8255
-2.1429 -2.1429 27.0408
-2.0204 -2.1429 26.2861
-1.8980 -2.1429 25.5614
-1.7755 -2.1429 24.8667
-1.6531 -2.1429 24.2020
-1.5306 -2.1429 23.5673
-1.4082 -2.1429 22.9625
-1.2857 -2.1429 22.3878
-1.1633 -2.1429 21.8430
-1.0408 -2.1429 21.3282
-0.9184 -2.1429 20.8434
-0.7959 -2.1429 20.3886
-0.6735 -2.1429 19.9638
-0.5510 -2.1429 19.5689
-0.4286 -2.1429 19.2041
-0.3061 -2.1429 18.8692
-0.1837 -2.1429 18.5643
-0.0612 -2.1429 18.2895
0.0612 -2.1429 18.0446
0.1837 -2.1429 17.8297
0.3061 -2.1429 17.6447
0.4286 -2.1429 17.4898
0.5510 -2.1429 17.3648
0.6735 -2.1429 17.2699
0.7959 -2.1429 17.2049
0.9184 -2.1429 17.1699
1.0408 -2.1429 17.1649
1.1633 -2.1429 17.1899
1.2857 -2.1429 17.2449
1.4082 -2.1429 17.3299
1.5306 -2.1429 17.4448
1.6531 -2.1429 17.5898
1.7755 -2.1429 17.7647
1.8980 -2.1429 17.9696
2.0204 -2.1429 18.2045
2.1429 -2.1429 18.4694
2.2653 -2.1429 18.7643
2.3878 -2.1429 19.0891
2.5102 -2.1429 19.4440
2.6327 -2.1429 19.8288
2.7551 -2.1429 20.2436
2.8776 -2.1429 20.6885
3.0000 -2.1429 21.1633
-3.0000 -2.0204 32.1637
-2.8776 -2.0204 31.1991
-2.7551 -2.0204 30.2645
-2.6327 -2.0204 29.3599
-2.5102 -2.0204 28.4852
-2.3878 -2.0204 27.6406
-2.2653 -2.0204 26.8259
-2.1429 -2.0204 26.0412
-2.0204 -2.0204 25.2865
-1.8980 -2.0204 24.5618
-1.7755 -2.0204 23.8671
-1.6531 -2.0204 23.2024
-1.5306 -2.0204 22.5677
-1.4082 -2.0204 21.9629
-1.2857 -2.0204 21.3882
-1.1633 -2.0204 20.8434
-1.0408 -2.0204 20.3286
-0.9184 -2.0204 19.8438
-0.7959 -2.0204 19.3890
-0.6735 -2.0204 18.9642
-0.5510 -2.0204 18.5693
-0.4286 -2.0204 18.2045
-0.3061 -2.0204 17.8696
-0.1837 -2.0204 17.5648
-0.0612 -2.0204 17.2899
0.0612 -2.0204 17.0450
0.1837 -2.0204 16.8301
0.3061 -2.0204 16.6451
0.4286 -2.0204 16.4902
0.5510 -2.0204 16.3653
0.6735 -2.0204 16.2703
0.7959 -2.0204 16.2053
0.9184 -2.0204 16.1703
1.0408 -2.0204 16.1653
1.1633 -2.0204 16.1903
1.2857 -2.0204 16.2453
1.4082 -2.0204 16.3303
1.5306 -2.0204 16.4452
1.6531 -2.0204 16.5902
1.7755 -2.0204 16.7651
1.8980 -2.0204 16.9700
2.0204 -2.0204 17.2049
2.1429 -2.0204 17.4698
2.2653 -2.0204 17.7647
2.3878 -2.0204 18.0895
2.5102 -2.0204 18.4444
2.6327 -2.0204 18.8292
2.7551 -2.0204 19.2441
2.8776 -2.0204 19.6889
3.0000 -2.0204 20.1637
-3.0000 -1.8980 31.1941
-2.8776 -1.8980 30.2295
-2.7551 -1.8980 29.2949
-2.6327 -1.8980 28.3903
-2.5102 -1.8980 27.5156
-2.3878 -1.8980 26.6710
-2.2653 -1.8980 25.8563
-2.1429 -1.8980 25.0716
-2.0204 -1.8980 24.3170
-1.8980 -1.8980 23.5923
-1.7755 -1.8980 22.8975
-1.6531 -1.8980 22.2328
-1.5306 -1.8980 21.5981
-1.4082 -1.8980 20.9933
-1.2857 -1.8980 20.4186
-1.1633 -1.8980 19.8738
-1.0408 -1.8980 19.3590
-0.9184 -1.8980 18.8742
-0.7959 -1.8980 18.4194
-0.6735 -1.8980 17.9946
-0.5510 -1.8980 17.5998
-0.4286 -1.8980 17.2349
-0.3061 -1.8980 16.9000
-0.1837 -1.8980 16.5952
-0.0612 -1.8980 16.3203
0.0612 -1.8980 16.0754
0.1837 -1.8980 15.8605
0.3061 -1.8980 15.6756
0.4286 -1.8980 15.5206
0.5510 -1.8980 15.3957
0.6735 -1.8980 15.3007
0.7959 -1.8980 15.2357
0.9184 -1.8980 15.2007
1.0408 -1.8980 15.1958
1.1633 -1.8980 15.2207
1.2857 -1.8980 15.2757
1.4082 -1.8980 15.3607
1.5306 -1.8980 15.4756
1.6531 -1.8980 15.6206
1.7755 -1.8980 15.7955
1.8980 -1.8980 16.0004
2.0204 -1.8980 16.2353
2.1429 -1.8980 16.5002
2.2653 -1.8980 16.7951
2.3878 -1.8980 17.1200
2.5102 -1.8980 17.4748
2.6327 -1.8980 17.8596
2.7551 -1.8980 18.2745
2.8776 -1.8980 18.7193
3.0000 -1.8980 19.1941
-3.0000 -1.7755 30.2545
-2.8776 -1.7755 29.2899
-2.7551 -1.7755 28.3553
-2.6327 -1.7755 27.4506
-2.5102 -1.7755 26.5760
-2.3878 -1.7755 25.7314
-2.2653 -1.7755 24.9167
-2.1429 -1.7755 24.1320
-2.0204 -1.7755 23.3773
-1.8980 -1.7755 22.6526
-1.7755 -1.7755 21.9579
-1.6531 -1.7755 21.2932
-1.5306 -1.7755 20.6585
-1.4082 -1.7755 20.0537
-1.2857 -1.7755 19.4790
-1.1633 -1.7755 18.9342
-1.0408 -1.7755 18.4194
-0.9184 -1.7755 17.9346
-0.7959 -1.7755 17.4798
-0.6735 -1.7755 17.0550
-0.5510 -1.7755 16.6601
-0.4286 -1.7755 16.2953
-0.3061 -1.7755 15.9604
-0.1837 -1.7755 15.6556
-0.0612 -1.7755 15.3807
0.0612 -1.7755 15.1358
0.1837 -1.7755 14.9209
0.3061 -1.7755 14.7359
0.4286 -1.7755 14.5810
0.5510 -1.7755 14.4561
0.6735 -1.7755 14.3611
0.7959 -1.7755 14.2961
0.9184 -1.7755 14.2611
1.0408 -1.7755 14.2561
1.1633 -1.7755 14.2811
1.2857 -1.7755 14.3361
1.4082 -1.7755 14.4211
1.5306 -1.7755 14.5360
1.6531 -1.7755 14.6810
1.7755 -1.7755 14.8559
1.8980 -1.7755 15.0608
2.0204 -1.7755 15.2957
2.1429 -1.7755 15.5606
2.2653 -1.7755 15.8555
2.3878 -1.7755 16.1803
2.5102 -1.7755 16.5352
2.6327 -1.7755 16.9200
2.7551 -1.7755 17.3349
2.8776 -1.7755 17.7797
3.0000 -1.7755 18.2545
-3.0000 -1.6531 29.3449
-2.8776 -1.6531 28.3803
-2.7551 -1.6531 27.4456
-2.6327 -1.6531 26.5410
-2.5102 -1.6531 25.6664
-2.3878 -1.6531 24.8217
-2.2653 -1.6531 24.0071
-2.1429 -1.6531 23.2224
-2.0204 -1.6531 22.4677
-1.8980 -1.6531 21.7430
-1.7755 -1.6531 21.0483
-1.6531 -1.6531 20.3836
-1.5306 -1.6531 19.7489
-1.4082 -1.6531 19.1441
-1.2857 -1.6531 18.5693
-1.1633 -1.6531 18.0246
-1.0408 -1.6531 17.5098
-0.9184 -1.6531 17.0250
-0.7959 -1.6531 16.5702
-0.6735 -1.6531 16.1454
-0.5510 -1.6531 15.7505
-0.4286 -1.6531 15.3857
-0.3061 -1.6531 15.0508
-0.1837 -1.6531 14.7459
-0.0612 -1.6531 14.4711
0.0612 -1.6531 14.2262
0.1837 -1.6531 14.0112
0.3061 -1.6531 13.8263
0.4286 -1.6531 13.6714
0.5510 -1.6531 13.5464
0.6735 -1.6531 13.4515
0.7959 -1.6531 13.3865
0.9184 -1.6531 13.3515
1.0408 -1.6531 13.3465
1.1633 -1.6531 13.3715
1.2857 -1.6531 13.4265
1.4082 -1.6531 13.5115
1.5306 -1.6531 13.6264
1.6531 -1.6531 13.7713
1.7755 -1.6531 13.9463
1.8980 -1.6531 14.1512
2.0204 -1.6531 14.3861
2.1429 -1.6531 14.6510
2.2653 -1.6531 14.9459
2.3878 -1.6531 15.2707
2.5102 -1.6531 15.6256
2.6327 -1.6531 16.0104
2.7551 -1.6531 16.4252
2.8776 -1.6531 16.8701
3.0000 -1.6531 17.3449
-3.0000 -1.5306 28.4652
-2.8776 -1.5306 27.5006
-2.7551 -1.5306 26.5660
-2.6327 -1.5306 25.6614
-2.5102 -1.5306 24.7868
-2.3878 -1.5306 23.9421
-2.2653 -1.5306 23.1274
-2.1429 -1.5306 22.3428
-2.0204 -1.5306 21.5881
-1.8980 -1.5306 20.8634
-1.7755 -1.5306 20.1687
-1.6531 -1.5306 19.5040
-1.5306 -1.5306 18.8692
-1.4082 -1.5306 18.2645
-1.2857 -1.5306 17.6897
-1.1633 -1.5306 17.1449
-1.0408 -1.5306 16.6302
-0.9184 -1.5306 16.1454
-0.7959 -1.5306 15.6905
-0.6735 -1.5306 15.2657
-0.5510 -1.5306 14.8709
-0.4286 -1.5306 14.5060
-0.3061 -1.5306 14.1712
-0.1837 -1.5306 13.8663
-0.0612 -1.5306 13.5914
0.0612 -1.5306 13.3465
0.1837 -1.5306 13.1316
0.3061 -1.5306 12.9467
0.4286 -1.5306 12.7918
0.5510 -1.5306 12.6668
0.6735 -1.5306 12.5718
0.7959 -1.5306 12.5069
0.9184 -1.5306 12.4719
1.0408 -1.5306 12.4669
1.1633 -1.5306 12.4919
1.2857 -1.5306 12.5469
1.4082 -1.5306 12.6318
1.5306 -1.5306 12.7468
1.6531 -1.5306 12.8917
1.7755 -1.5306 13.0666
1.8980 -1.5306 13.2716
2.0204 -1.5306 13.5065
2.1429 -1.5306 13.7713
2.2653 -1.5306 14.0662
2.3878 -1.5306 14.3911
2.5102 -1.5306 14.7459
2.6327 -1.5306 15.1308
2.7551 -1.5306 15.5456
2.8776 -1.5306 15.9904
3.0000 -1.5306 16.4652
-3.0000 -1.4082 27.6156
-2.8776 -1.4082 26.6510
-2.7551 -1.4082 25.7164
-2.6327 -1.4082 24.8117
-2.5102 -1.4082 23.9371
-2.3878 -1.4082 23.0925
-2.2653 -1.4082 22.2778
-2.1429 -1.4082 21.4931
-2.0204 -1.4082 20.7384
-1.8980 -1.4082 20.0137
-1.7755 -1.4082 19.3190
-1.6531 -1.4082 18.6543
-1.5306 -1.4082 18.0196
-1.4082 -1.4082 17.4148
-1.2857 -1.4082 16.8401
-1.1633 -1.4082 16.2953
-1.0408 -1.4082 15.7805
-0.9184 -1.4082 15.2957
-0.7959 -1.4082 14.8409
-0.6735 -1.4082 14.4161
-0.5510 -1.4082 14.0212
-0.4286 -1.4082 13.6564
-0.3061 -1.4082 13.3215
-0.1837 -1.4082 13.0167
-0.0612 -1.4082 12.7418
0.0612 -1.4082 12.4969
0.1837 -1.4082 12.2820
0.3061 -1.4082 12.0970
0.4286 -1.4082 11.9421
0.5510 -1.4082 11.8172
0.6735 -1.4082 11.7222
0.7959 -1.4082 11.6572
0.9184 -1.4082 11.6222
1.0408 -1.4082 11.6172
1.1633 -1.4082 11.6422
1.2857 -1.4082 11.6972
1.4082 -1.4082 11.7822
1.5306 -1.4082 11.8971
1.6531 -1.4082 12.0421
1.7755 -1.4082 12.2170
1.8980 -1.4082 12.4219
2.0204 -1.4082 12.6568
2.1429 -1.4082 12.9217
2.2653 -1.4082 13.2166
2.3878 -1.4082 13.5414
2.5102 -1.4082 13.8963
2.6327 -1.4082 14.2811
2.7551 -1.4082 14.6960
2.8776 -1.4082 15.1408
3.0000 -1.4082 15.6156
-3.0000 -1.2857 26.7959
-2.8776 -1.2857 25.8313
-2.7551 -1.2857 24.8967
-2.6327 -1.2857 23.9921
-2.5102 -1.2857 23.1175
-2.3878 -1.2857 22.2728
-2.2653 -1.2857 21.4581
-2.1429 -1.2857 20.6735
-2.0204 -1.2857 19.9188
-1.8980 -1.2857 19.1941
-1.7755 -1.2857 18.4994
-1.6531 -1.2857 17.8347
-1.5306 -1.2857 17.1999
-1.4082 -1.2857 16.5952
-1.2857 -1.2857 16.0204
-1.1633 -1.2857 15.4756
-1.0408 -1.2857 14.9608
-0.9184 -1.2857 14.4761
-0.7959 -1.2857 14.0212
-0.6735 -1.2857 13.5964
-0.5510 -1.2857 13.2016
-0.4286 -1.2857 12.8367
-0.3061 -1.2857 12.5019
-0.1837 -1.2857 12.1970
-0.0612 -1.2857 11.9221
0.0612 -1.2857 11.6772
0.1837 -1.2857 11.4623
0.3061 -1.2857 11.2774
0.4286 -1.2857 11.1224
0.5510 -1.2857 10.9975
0.6735 -1.2857 10.9025
0.7959 -1.2857 10.8376
0.9184 -1.2857 10.8026
1.0408 -1.2857 10.7976
1.1633 -1.2857 10.8226
1.2857 -1.2857 10.8776
1.4082 -1.2857 10.9625
1.5306 -1.2857 11.0775
1.6531 -1.2857 11.2224
1.7755 -1.2857 11.3973
1.8980 -1.2857 11.6022
2.0204 -1.2857 11.8372
2.1429 -1.2857 12.1020
2.2653 -1.2857 12.3969
2.3878 -1.2857 12.7218
2.5102 -1.2857 13.0766
2.6327 -1.2857 13.4615
2.7551 -1.2857 13.8763
2.8776 -1.2857 14.3211
3.0000 -1.2857 14.7959
-3.0000 -1.1633 26.0062
-2.8776 -1.1633 25.0416
-2.7551 -1.1633 24.1070
-2.6327 -1.1633 23.2024
-2.5102 -1.1633 22.3278
-2.3878 -1.1633 21.4831
-2.2653 -1.1633 20.6685
-2.1429 -1.1633 19.8838
-2.0204 -1.1633 19.1291
-1.8980 -1.1633 18.4044
-1.7755 -1.1633 17.7097
-1.6531 -1.1633 17.0450
-1.5306 -1.1633 16.4102
-1.4082 -1.1633 15.8055
-1.2857 -1.1633 15.2307
-1.1633 -1.1633 14.6860
-1.0408 -1.1633 14.1712
-0.9184 -1.1633 13.6864
-0.7959 -1.1633 13.2316
-0.6735 -1.1633 12.8067
-0.5510 -1.1633 12.4119
-0.4286 -1.1633 12.0471
-0.3061 -1.1633 11.7122
-0.1837 -1.1633 11.4073
-0.0612 -1.1633 11.1324
0.0612 -1.1633 10.8875
0.1837 -1.1633 10.6726
0.3061 -1.1633 10.4877
0.4286 -1.1633 10.3328
0.5510 -1.1633 10.2078
0.6735 -1.1633 10.1129
0.7959 -1.1633 10.0479
0.9184 -1.1633 10.0129
1.0408 -1.1633 10.0079
1.1633 -1.1633 10.0329
1.2857 -1.1633 10.0879
1.4082 -1.1633 10.1728
1.5306 -1.1633 10.2878
1.6531 -1.1633 10.4327
1.7755 -1.1633 10.6077
1.8980 -1.1633 10.8126
2.0204 -1.1633 11.0475
2.1429 -1.1633 11.3124
2.2653 -1.1633 11.6072
2.3878 -1.1633 11.9321
2.5102 -1.1633 12.2870
2.6327 -1.1633 12.6718
2.7551 -1.1633 13.0866
2.8776 -1.1633 13.5314
3.0000 -1.1633 14.0062
-3.0000 -1.0408 25.2466
-2.8776 -1.0408 24.2820
-2.7551 -1.0408 23.3474
-2.6327 -1.0408 22.4427
-2.5102 -1.0408 21.5681
-2.3878 -1.0408 20.7234
-2.2653 -1.0408 19.9088
-2.1429 -1.0408 19.1241
-2.0204 -1.0408 18.3694
-1.8980 -1.0408 17.6447
-1.7755 -1.0408 16.9500
-1.6531 -1.0408 16.2853
-1.5306 -1.0408 15.6506
-1.4082 -1.0408 15.0458
-1.2857 -1.0408 14.4711
-1.1633 -1.0408 13.9263
-1.0408 -1.0408 13.4115
-0.9184 -1.0408 12.9267
-0.7959 -1.0408 12.4719
-0.6735 -1.0408 12.0471
-0.5510 -1.0408 11.6522
-0.4286 -1.0408 11.2874
-0.3061 -1.0408 10.9525
-0.1837 -1.0408 10.6476
-0.0612 -1.0408 10.3728
0.0612 -1.0408 10.1279
0.1837 -1.0408 9.9130
0.3061 -1.0408 9.7280
0.4286 -1.0408 9.5731
0.5510 -1.0408 9.4481
0.6735 -1.0408 9.3532
0.7959 -1.0408 9.2882
0.9184 -1.0408 9.2532
1.0408 -1.0408 9.2482
1.1633 -1.0408 9.2732
1.2857 -1.0408 9.3282
1.4082 -1.0408 9.4132
1.5306 -1.0408 9.5281
1.6531 -1.0408 9.6731
1.7755 -1.0408 9.8480
1.8980 -1.0408 10.0529
2.0204 -1.0408 10.2878
2.1429 -1.0408 10.5527
2.2653 -1.0408 10.8476
2.3878 -1.0408 11.1724
2.5102 -1.0408 11.5273
2.6327 -1.0408 11.9121
2.7551 -1.0408 12.3269
2.8776 -1.0408 12.7718
3.0000 -1.0408 13.2466
-3.0000 -0.9184 24.5169
-2.8776 -0.9184 23.5523
-2.7551 -0.9184 22.6177
-2.6327 -0.9184 21.7130
-2.5102 -0.9184 20.8384
-2.3878 -0.9184 19.9938
-2.2653 -0.9184 19.1791
-2.1429 -0.9184 18.3944
-2.0204 -0.9184 17.6397
-1.8980 -0.9184 16.9150
-1.7755 -0.9184 16.2203
-1.6531 -0.9184 15.5556
-1.5306 -0.9184 14.9209
-1.4082 -0.9184 14.3161
-1.2857 -0.9184 13.7414
-1.1633 -0.9184 13.1966
-1.0408 -0.9184 12.6818
-0.9184 -0.9184 12.1970
-0.7959 -0.9184 11.7422
-0.6735 -0.9184 11.3174
-0.5510 -0.9184 10.9225
-0.4286 -0.9184 10.5577
-0.3061 -0.9184 10.2228
-0.1837 -0.9184 9.9180
-0.0612 -0.9184 9.6431
0.0612 -0.9184 9.3982
0.1837 -0.9184 9.1833
0.3061 -0.9184 8.9983
0.4286 -0.9184 8.8434
0.5510 -0.9184 8.7185
0.6735 -0.9184 8.6235
0.7959 -0.9184 8.5585
0.9184 -0.9184 8.5235
1.0408 -0.9184 8.5185
1.1633 -0.9184 8.5435
1.2857 -0.9184 8.5985
1.4082 -0.9184 8.6835
1.5306 -0.9184 8.7984
1.6531 -0.9184 8.9434
1.7755 -0.9184 9.1183
1.8980 -0.9184 9.3232
2.0204 -0.9184 9.5581
2.1429 -0.9184 9.8230
2.2653 -0.9184 10.1179
2.3878 -0.9184 10.4427
2.5102 -0.9184 10.7976
2.6327 -0.9184 11.1824
2.7551 -0.9184 11.5973
2.8776 -0.9184 12.0421
3.0000 -0.9184 12.5169
-3.0000 -0.7959 23.8172
-2.8776 -0.7959 22.8526
-2.7551 -0.7959 21.9180
-2.6327 -0.7959 21.0133
-2.5102 -0.7959 20.1387
-2.3878 -0.7959 19.2940
-2.2653 -0.7959 18.4794
-2.1429 -0.7959 17.6947
-2.0204 -0.7959 16.9400
-1.8980 -0.7959 16.2153
-1.7755 -0.7959 15.5206
-1.6531 -0.7959 14.8559
-1.5306 -0.7959 14.2212
-1.4082 -0.7959 13.6164
-1.2857 -0.7959 13.0416
-1.1633 -0.7959 12.4969
-1.0408 -0.7959 11.9821
-0.9184 -0.7959 11.4973
-0.7959 -0.7959 11.0425
-0.6735 -0.7959 10.6177
-0.5510 -0.7959 10.2228
-0.4286 -0.7959 9.8580
-0.3061 -0.7959 9.5231
-0.1837 -0.7959 9.2182
-0.0612 -0.7959 8.9434
0.0612 -0.7959 8.6985
0.1837 -0.7959 8.4835
0.3061 -0.7959 8.2986
0.4286 -0.7959 8.1437
0.5510 -0.7959 8.0187
0.6735 -0.7959 7.9238
0.7959 -0.7959 7.8588
0.9184 -0.7959 7.8238
1.0408 -0.7959 7.8188
1.1633 -0.7959 7.8438
1.2857 -0.7959 7.8988
1.4082 -0.7959 7.9838
1.5306 -0.7959 8.0987
1.6531 -0.7959 8.2436
1.7755 -0.7959 8.4186
1.8980 -0.7959 8.6235
2.0204 -0.7959 8.8584
2.1429 -0.7959 9.1233
2.2653 -0.7959 9.4182
2.3878 -0.7959 9.7430
2.5102 -0.7959 10.0979
2.6327 -0.7959 10.4827
2.7551 -0.7959 10.8975
2.8776 -0.7959 11.3424
3.0000 -0.7959 11.8172
-3.0000 -0.6735 23.1474
-2.8776 -0.6735 22.1828
-2.7551 -0.6735 21.2482
-2.6327 -0.6735 20.3436
-2.5102 -0.6735 19.4690
-2.3878 -0.6735 18.6243
-2.2653 -0.6735 17.8097
-2.1429 -0.6735 17.0250
-2.0204 -0.6735 16.2703
-1.8980 -0.6735 15.5456
-1.7755 -0.6735 14.8509
-1.6531 -0.6735 14.1862
-1.5306 -0.6735 13.5514
-1.4082 -0.6735 12.9467
-1.2857 -0.6735 12.3719
-1.1633 -0.6735 11.8272
-1.0408 -0.6735 11.3124
-0.9184 -0.6735 10.8276
-0.7959 -0.6735 10.3728
-0.6735 -0.6735 9.9479
-0.5510 -0.6735 9.5531
-0.4286 -0.6735 9.1883
-0.3061 -0.6735 8.8534
-0.1837 -0.6735 8.5485
-0.0612 -0.6735 8.2736
0.0612 -0.6735 8.0287
0.1837 -0.6735 7.8138
0.3061 -0.6735 7.6289
0.4286 -0.6735 7.4740
0.5510 -0.6735 7.3490
0.6735 -0.6735 7.2541
0.7959 -0.6735 7.1891
0.9184 -0.6735 7.1541
1.0408 -0.6735 7.1491
1.1633 -0.6735 7.1741
1.2857 -0.6735 7.2291
1.4082 -0.6735 7.3140
1.5306 -0.6735 7.4290
1.6531 -0.6735 7.5739
1.7755 -0.6735 7.7489
1.8980 -0.6735 7.9538
2.0204 -0.6735 8.1887
2.1429 -0.6735 8.4536
2.2653 -0.6735 8.7484
2.3878 -0.6735 9.0733
2.5102 -0.6735 9.4282
2.6327 -0.6735 9.8130
2.7551 -0.6735 10.2278
2.8776 -0.6735 10.6726
3.0000 -0.6735 11.1474
-3.0000 -0.5510 22.5077
-2.8776 -0.5510 21.5431
-2.7551 -0.5510 20.6085
-2.6327 -0.5510 19.7039
-2.5102 -0.5510 18.8292
-2.3878 -0.5510 17.9846
-2.2653 -0.5510 17.1699
-2.1429 -0.5510 16.3853
-2.0204 -0.5510 15.6306
-1.8980 -0.5510 14.9059
-1.7755 -0.5510 14.2112
-1.6531 -0.5510 13.5464
-1.5306 -0.5510 12.9117
-1.4082 -0.5510 12.3070
-1.2857 -0.5510 11.7322
-1.1633 -0.5510 11.1874
-1.0408 -0.5510 10.6726
-0.9184 -0.5510 10.1878
-0.7959 -0.5510 9.7330
-0.6735 -0.5510 9.3082
-0.5510 -0.5510 8.9134
-0.4286 -0.5510 8.5485
-0.3061 -0.5510 8.2137
-0.1837 -0.5510 7.9088
-0.0612 -0.5510 7.6339
0.0612 -0.5510 7.3890
0.1837 -0.5510 7.1741
0.3061 -0.5510 6.9892
0.4286 -0.5510 6.8342
0.5510 -0.5510 6.7093
0.6735 -0.5510 6.6143
0.7959 -0.5510 6.5494
0.9184 -0.5510 6.5144
1.0408 -0.5510 6.5094
1.1633 -0.5510 6.5344
1.2857 -0.5510 6.5893
1.4082 -0.5510 6.6743
1.5306 -0.5510 6.7893
1.6531 -0.5510 6.9342
1.7755 -0.5510 7.1091
1.8980 -0.5510 7.3140
2.0204 -0.5510 7.5489
2.1429 -0.5510 7.8138
2.2653 -0.5510 8.1087
2.3878 -0.5510 8.4336
2.5102 -0.5510 8.7884
2.6327 -0.5510 9.1733
2.7551 -0.5510 9.5881
2.8776 -0.5510 10.0329
3.0000 -0.5510 10.5077
-3.0000 -0.4286 21.8980
-2.8776 -0.4286 20.9334
-2.7551 -0.4286 19.9988
-2.6327 -0.4286 19.0941
-2.5102 -0.4286 18.2195
-2.3878 -0.4286 17.3748
-2.2653 -0.4286 16.5602
-2.1429 -0.4286 15.7755
-2.0204 -0.4286 15.0208
-1.8980 -0.4286 14.2961
-1.7755 -0.4286 13.6014
-1.6531 -0.4286 12.9367
-1.5306 -0.4286 12.3020
-1.4082 -0.4286 11.6972
-1.2857 -0.4286 11.1224
-1.1633 -0.4286 10.5777
-1.0408 -0.4286 10.0629
-0.9184 -0.4286 9.5781
-0.7959 -0.4286 9.1233
-0.6735 -0.4286 8.6985
-0.5510 -0.4286 8.3036
-0.4286 -0.4286 7.9388
-0.3061 -0.4286 7.6039
-0.1837 -0.4286 7.2990
-0.0612 -0.4286 7.0242
0.0612 -0.4286 6.7793
0.1837 -0.4286 6.5643
0.3061 -0.4286 6.3794
0.4286 -0.4286 6.2245
0.5510 -0.4286 6.0995
0.6735 -0.4286 6.0046
0.7959 -0.4286 5.9396
0.9184 -0.4286 5.9046
1.0408 -0.4286 5.8996
1.1633 -0.4286 5.9246
1.2857 -0.4286 5.9796
1.4082 -0.4286 6.0646
1.5306 -0.4286 6.1795
1.6531 -0.4286 6.3244
1.7755 -0.4286 6.4994
1.8980 -0.4286 6.7043
2.0204 -0.4286 6.9392
2.1429 -0.4286 7.2041
2.2653 -0.4286 7.4990
2.3878 -0.4286 7.8238
2.5102 -0.4286 8.1787
2.6327 -0.4286 8.5635
2.7551 -0.4286 8.9783
2.8776 -0.4286 9.4232
3.0000 -0.4286 9.8980
-3.0000 -0.3061 21.3182
-2.8776 -0.3061 20.3536
-2.7551 -0.3061 19.4190
-2.6327 -0.3061 18.5144
-2.5102 -0.3061 17.6397
-2.3878 -0.3061 16.7951
-2.2653 -0.3061 15.9804
-2.1429 -0.3061 15.1958
-2.0204 -0.3061 14.4411
-1.8980 -0.3061 13.7164
-1.7755 -0.3061 13.0217
-1.6531 -0.3061 12.3569
-1.5306 -0.3061 11.7222
-1.4082 -0.3061 11.1175
-1.2857 -0.3061 10.5427
-1.1633 -0.3061 9.9979
-1.0408 -0.3061 9.4831
-0.9184 -0.3061 8.9983
-0.7959 -0.3061 8.5435
-0.6735 -0.3061 8.1187
-0.5510 -0.3061 7.7239
-0.4286 -0.3061 7.3590
-0.3061 -0.3061 7.0242
-0.1837 -0.3061 6.7193
-0.0612 -0.3061 6.4444
0.0612 -0.3061 6.1995
0.1837 -0.3061 5.9846
0.3061 -0.3061 5.7997
0.4286 -0.3061 5.6447
0.5510 -0.3061 5.5198
0.6735 -0.3061 5.4248
0.7959 -0.3061 5.3599
0.9184 -0.3061 5.3249
1.0408 -0.3061 5.3199
1.1633 -0.3061 5.3449
1.2857 -0.3061 5.3998
1.4082 -0.3061 5.4848
1.5306 -0.3061 5.5998
1.6531 -0.3061 5.7447
1.7755 -0.3061 5.9196
1.8980 -0.3061 6.1245
2.0204 -0.3061 6.3594
2.1429 -0.3061 6.6243
2.2653 -0.3061 6.9192
2.3878 -0.3061 7.2441
2.5102 -0.3061 7.5989
2.6327 -0.3061 7.9838
2.7551 -0.3061 8.3986
2.8776 -0.3061 8.8434
3.0000 -0.3061 9.3182
-3.0000 -0.1837 20.7684
-2.8776 -0.1837 19.8038
-2.7551 -0.1837 18.8692
-2.6327 -0.1837 17.9646
-2.5102 -0.1837 17.0900
-2.3878 -0.1837 16.2453
-2.2653 -0.1837 15.4307
-2.1429 -0.1837 14.6460
-2.0204 -0.1837 13.8913
-1.8980 -0.1837 13.1666
-1.7755 -0.1837 12.4719
-1.6531 -0.1837 11.8072
-1.5306 -0.1837 11.1724
-1.4082 -0.1837 10.5677
-1.2857 -0.1837 9.9929
-1.1633 -0.1837 9.4481
-1.0408 -0.1837 8.9334
-0.9184 -0.1837 8.4486
-0.7959 -0.1837 7.9938
-0.6735 -0.1837 7.5689
-0.5510 -0.1837 7.1741
-0.4286 -0.1837 6.8092
-0.3061 -0.1837 6.4744
-0.1837 -0.1837 6.1695
-0.0612 -0.1837 5.8946
0.0612 -0.1837 5.6497
0.1837 -0.1837 5.4348
0.3061 -0.1837 5.2499
0.4286 -0.1837 5.0950
0.5510 -0.1837 4.9700
0.6735 -0.1837 4.8751
0.7959 -0.1837 4.8101
0.9184 -0.1837 4.7751
1.0408 -0.1837 4.7701
1.1633 -0.1837 4.7951
1.2857 -0.1837 4.8501
1.4082 -0.1837 4.9350
1.5306 -0.1837 5.0500
1.6531 -0.1837 5.1949
1.7755 -0.1837 5.3698
1.8980 -0.1837 5.5748
2.0204 -0.1837 5.8097
2.1429 -0.1837 6.0746
2.2653 -0.1837 6.3694
2.3878 -0.1837 6.6943
2.5102 -0.1837 7.0491
2.6327 -0.1837 7.4340
2.7551 -0.1837 7.8488
2.8776 -0.1837 8.2936
3.0000 -0.1837 8.7684
-3.0000 -0.0612 20.2486
-2.8776 -0.0612 19.2840
-2.7551 -0.0612 18.3494
-2.6327 -0.0612 17.4448
-2.5102 -0.0612 16.5702
-2.3878 -0.0612 15.7255
-2.2653 -0.0612 14.9109
-2.1429 -0.0612 14.1262
-2.0204 -0.0612 13.3715
-1.8980 -0.0612 12.6468
-1.7755 -0.0612 11.9521
-1.6531 -0.0612 11.2874
-1.5306 -0.0612 10.6526
-1.4082 -0.0612 10.0479
-1.2857 -0.0612 9.4731
-1.1633 -0.0612 8.9284
-1.0408 -0.0612 8.4136
-0.9184 -0.0612 7.9288
-0.7959 -0.0612 7.4740
-0.6735 -0.0612 7.0491
-0.5510 -0.0612 6.6543
-0.4286 -0.0612 6.2895
-0.3061 -0.0612 5.9546
-0.1837 -0.0612 5.6497
-0.0612 -0.0612 5.3748
0.0612 -0.0612 5.1299
0.1837 -0.0612 4.9150
0.3061 -0.0612 4.7301
0.4286 -0.0612 4.5752
0.5510 -0.0612 4.4502
0.6735 -0.0612 4.3553
0.7959 -0.0612 4.2903
0.9184 -0.0612 4.2553
1.0408 -0.0612 4.2503
1.1633 -0.0612 4.2753
1.2857 -0.0612 4.3303
1.4082 -0.0612 4.4152
1.5306 -0.0612 4.5302
1.6531 -0.0612 4.6751
1.7755 -0.0612 4.8501
1.8980 -0.0612 5.0550
2.0204 -0.0612 5.2899
2.1429 -0.0612 5.5548
2.2653 -0.0612 5.8496
2.3878 -0.0612 6.1745
2.5102 -0.0612 6.5294
2.6327 -0.0612 6.9142
2.7551 -0.0612 7.3290
2.8776 -0.0612 7.7738
3.0000 -0.0612 8.2486
-3.0000 0.0612 19.7589
-2.8776 0.0612 18.7943
-2.7551 0.0612 17.8596
-2.6327 0.0612 16.9550
-2.5102 0.0612 16.0804
-2.3878 0.0612 15.2357
-2.2653 0.0612 14.4211
-2.1429 0.0612 13.6364
-2.0204 0.0612 12.8817
-1.8980 0.0612 12.1570
-1.7755 0.0612 11.4623
-1.6531 0.0612 10.7976
-1.5306 0.0612 10.1628
-1.4082 0.0612 9.5581
-1.2857 0.0612 8.9833
-1.1633 0.0612 8.4386
-1.0408 0.0612 7.9238
-0.9184 0.0612 7.4390
-0.7959 0.0612 6.9842
-0.6735 0.0612 6.5594
-0.5510 0.0612 6.1645
-0.4286 0.0612 5.7997
-0.3061 0.0612 5.4648
-0.1837 0.0612 5.1599
-0.0612 0.0612 4.8850
0.0612 0.0612 4.6401
0.1837 0.0612 4.4252
0.3061 0.0612 4.2403
0.4286 0.0612 4.0854
0.5510 0.0612 3.9604
0.6735 0.0612 3.8655
0.7959 0.0612 3.8005
0.9184 0.0612 3.7655
1.0408 0.0612 3.7605
1.1633 0.0612 3.7855
1.2857 0.0612 3.8405
1.4082 0.0612 3.9254
1.5306 0.0612 4.0404
1.6531 0.0612 4.1853
1.7755 0.0612 4.3603
1.8980 0.0612 4.5652
2.0204 0.0612 4.8001
2.1429 0.0612 5.0650
2.2653 0.0612 5.3599
2.3878 0.0612 5.6847
2.5102 0.0612 6.0396
2.6327 0.0612 6.4244
2.7551 0.0612 6.8392
2.8776 0.0612 7.2840
3.0000 0.0612 7.7589
-3.0000 0.1837 19.2990
-2.8776 0.1837 18.3344
-2.7551 0.1837 17.3998
-2.6327 0.1837 16.4952
-2.5102 0.1837 15.6206
-2.3878 0.1837 14.7759
-2.2653 0.1837 13.9613
-2.1429 0.1837 13.1766
-2.0204 0.1837 12.4219
-1.8980 0.1837 11.6972
-1.7755 0.1837 11.0025
-1.6531 0.1837 10.3378
-1.5306 0.1837 9.7030
-1.4082 0.1837 9.0983
-1.2857 0.1837 8.5235
-1.1633 0.1837 7.9788
-1.0408 0.1837 7.4640
-0.9184 0.1837 6.9792
-0.7959 0.1837 6.5244
-0.6735 0.1837 6.0995
-0.5510 0.1837 5.7047
-0.4286 0.1837 5.3399
-0.3061 0.1837 5.0050
-0.1837 0.1837 4.7001
-0.0612 0.1837 4.4252
0.0612 0.1837 4.1803
0.1837 0.1837 3.9654
0.3061 0.1837 3.7805
0.4286 0.1837 3.6256
0.5510 0.1837 3.5006
0.6735 0.1837 3.4057
0.7959 0.1837 3.3407
0.9184 0.1837 3.3057
1.0408 0.1837 3.3007
1.1633 0.1837 3.3257
1.2857 0.1837 3.3807
1.4082 0.1837 3.4656
1.5306 0.1837 3.5806
1.6531 0.1837 3.7255
1.7755 0.1837 3.9005
1.8980 0.1837 4.1054
2.0204 0.1837 4.3403
2.1429 0.1837 4.6052
2.2653 0.1837 4.9000
2.3878 0.1837 5.2249
2.5102 0.1837 5.5798
2.6327 0.1837 5.9646
2.7551 0.1837 6.3794
2.8776 0.1837 6.8242
3.0000 0.1837 7.2990
-3.0000 0.3061 18.8692
-2.8776 0.3061 17.9046
-2.7551 0.3061 16.9700
-2.6327 0.3061 16.0654
-2.5102 0.3061 15.1908
-2.3878 0.3061 14.3461
-2.2653 0.3061 13.5314
-2.1429 0.3061 12.7468
-2.0204 0.3061 11.9921
-1.8980 0.3061 11.2674
-1.7755 0.3061 10.5727
-1.6531 0.3061 9.9080
-1.5306 0.3061 9.2732
-1.4082 0.3061 8.6685
-1.2857 0.3061 8.0937
-1.1633 0.3061 7.5489
-1.0408 0.3061 7.0342
-0.9184 0.3061 6.5494
-0.7959 0.3061 6.0945
-0.6735 0.3061 5.6697
-0.5510 0.3061 5.2749
-0.4286 0.3061 4.9100
-0.3061 0.3061 4.5752
-0.1837 0.3061 4.2703
-0.0612 0.3061 3.9954
0.0612 0.3061 3.7505
0.1837 0.3061 3.5356
0.3061 0.3061 3.3507
0.4286 0.3061 3.1958
0.5510 0.3061 3.0708
0.6735 0.3061 2.9758
0.7959 0.3061 2.9109
0.9184 0.3061 2.8759
1.0408 0.3061 2.8709
1.1633 0.3061 2.8959
1.2857 0.3061 2.9509
1.4082 0.3061 3.0358
1.5306 0.3061 3.1508
1.6531 0.3061 3.2957
1.7755 0.3061 3.4706
1.8980 0.3061 3.6756
2.0204 0.3061 3.9105
2.1429 0.3061 4.1753
2.2653 0.3061 4.4702
2.3878 0.3061 4.7951
2.5102 0.3061 5.1499
2.6327 0.3061 5.5348
2.7551 0.3061 5.9496
2.8776 0.3061 6.3944
3.0000 0.3061 6.8692
-3.0000 0.4286 18.4694
-2.8776 0.4286 17.5048
-2.7551 0.4286 16.5702
-2.6327 0.4286 15.6656
-2.5102 0.4286 14.7909
-2.3878 0.4286 13.9463
-2.2653 0.4286 13.1316
-2.1429 0.4286 12.3469
-2.0204 0.4286 11.5923
-1.8980 0.4286 10.8676
-1.7755 0.4286 10.1728
-1.6531 0.4286 9.5081
-1.5306 0.4286 8.8734
-1.4082 0.4286 8.2686
-1.2857 0.4286 7.6939
-1.1633 0.4286 7.1491
-1.0408 0.4286 6.6343
-0.9184 0.4286 6.1495
-0.7959 0.4286 5.6947
-0.6735 0.4286 5.2699
-0.5510 0.4286 4.8751
-0.4286 0.4286 4.5102
-0.3061 0.4286 4.1753
-0.1837 0.4286 3.8705
-0.0612 0.4286 3.5956
0.0612 0.4286 3.3507
0.1837 0.4286 3.1358
0.3061 0.4286 2.9509
0.4286 0.4286 2.7959
0.5510 0.4286 2.6710
0.6735 0.4286 2.5760
0.7959 0.4286 2.5110
0.9184 0.4286 2.4761
1.0408 0.4286 2.4711
1.1633 0.4286 2.4960
1.2857 0.4286 2.5510
1.4082 0.4286 2.6360
1.5306 0.4286 2.7509
1.6531 0.4286 2.8959
1.7755 0.4286 3.0708
1.8980 0.4286 3.2757
2.0204 0.4286 3.5106
2.1429 0.4286 3.7755
2.2653 0.4286 4.0704
2.3878 0.4286 4.3953
2.5102 0.4286 4.7501
2.6327 0.4286 5.1349
2.7551 0.4286 5.5498
2.8776 0.4286 5.9946
3.0000 0.4286 6.4694
-3.0000 0.5510 18.0995
-2.8776 0.5510 17.1349
-2.7551 0.5510 16.2003
-2.6327 0.5510 15.2957
-2.5102 0.5510 14.4211
-2.3878 0.5510 13.5764
-2.2653 0.5510 12.7618
-2.1429 0.5510 11.9771
-2.0204 0.5510 11.2224
-1.8980 0.5510 10.4977
-1.7755 0.5510 9.8030
-1.6531 0.5510 9.1383
-1.5306 0.5510 8.5035
-1.4082 0.5510 7.8988
-1.2857 0.5510 7.3240
-1.1633 0.5510 6.7793
-1.0408 0.5510 6.2645
-0.9184 0.5510 5.7797
-0.7959 0.5510 5.3249
-0.6735 0.5510 4.9000
-0.5510 0.5510 4.5052
-0.4286 0.5510 4.1404
-0.3061 0.5510 3.8055
-0.1837 0.5510 3.5006
-0.0612 0.5510 3.2257
0.0612 0.5510 2.9808
0.1837 0.5510 2.7659
0.3061 0.5510 2.5810
0.4286 0.5510 2.4261
0.5510 0.5510 2.3011
0.6735 0.5510 2.2062
0.7959 0.5510 2.1412
0.9184 0.5510 2.1062
1.0408 0.5510 2.1012
1.1633 0.5510 2.1262
1.2857 0.5510 2.1812
1.4082 0.5510 2.2661
1.5306 0.5510 2.3811
1.6531 0.5510 2.5260
1.7755 0.5510 2.7010
1.8980 0.5510 2.9059
2.0204 0.5510 3.1408
2.1429 0.5510 3.4057
2.2653 0.5510 3.7005
2.3878 0.5510 4.0254
2.5102 0.5510 4.3803
2.6327 0.5510 4.7651
2.7551 0.5510 5.1799
2.8776 0.5510 5.6247
3.0000 0.5510 6.0995
-3.0000 0.6735 17.7597
-2.8776 0.6735 16.7951
-2.7551 0.6735 15.8605
-2.6327 0.6735 14.9559
-2.5102 0.6735 14.0812
-2.3878 0.6735 13.2366
-2.2653 0.6735 12.4219
-2.1429 0.6735 11.6372
-2.0204 0.6735 10.8825
-1.8980 0.6735 10.1579
-1.7755 0.6735 9.4631
-1.6531 0.6735 8.7984
-1.5306 0.6735 8.1637
-1.4082 0.6735 7.5589
-1.2857 0.6735 6.9842
-1.1633 0.6735 6.4394
-1.0408 0.6735 5.9246
-0.9184 0.6735 5.4398
-0.7959 0.6735 4.9850
-0.6735 0.6735 4.5602
-0.5510 0.6735 4.1653
-0.4286 0.6735 3.8005
-0.3061 0.6735 3.4656
-0.1837 0.6735 3.1608
-0.0612 0.6735 2.8859
0.0612 0.6735 2.6410
0.1837 0.6735 2.4261
0.3061 0.6735 2.2411
0.4286 0.6735 2.0862
0.5510 0.6735 1.9613
0.6735 0.6735 1.8663
0.7959 0.6735 1.8013
0.9184 0.6735 1.7663
1.0408 0.6735 1.7613
1.1633 0.6735 1.7863
1.2857 0.6735 1.8413
1.4082 0.6735 1.9263
1.5306 0.6735 2.0412
1.6531 0.6735 2.1862
1.7755 0.6735 2.3611
1.8980 0.6735 2.5660
2.0204 0.6735 2.8009
2.1429 0.6735 3.0658
2.2653 0.6735 3.3607
2.3878 0.6735 3.6855
2.5102 0.6735 4.0404
2.6327 0.6735 4.4252
2.7551 0.6735 4.8401
2.8776 0.6735 5.2849
3.0000 0.6735 5.7597
-3.0000 0.7959 17.4498
-2.8776 0.7959 16.4852
-2.7551 0.7959 15.5506
-2.6327 0.7959 14.6460
-2.5102 0.7959 13.7713
-2.3878 0.7959 12.9267
-2.2653 0.7959 12.1120
-2.1429 0.7959 11.3274
-2.0204 0.7959 10.5727
-1.8980 0.7959 9.8480
-1.7755 0.7959 9.1533
-1.6531 0.7959 8.4885
-1.5306 0.7959 7.8538
-1.4082 0.7959 7.2491
-1.2857 0.7959 6.6743
-1.1633 0.7959 6.1295
-1.0408 0.7959 5.6147
-0.9184 0.7959 5.1299
-0.7959 0.7959 4.6751
-0.6735 0.7959 4.2503
-0.5510 0.7959 3.8555
-0.4286 0.7959 3.4906
-0.3061 0.7959 3.1558
-0.1837 0.7959 2.8509
-0.0612 0.7959 2.5760
0.0612 0.7959 2.3311
0.1837 0.7959 2.1162
0.3061 0.7959 1.9313
0.4286 0.7959 1.7763
0.5510 0.7959 1.6514
0.6735 0.7959 1.5564
0.7959 0.7959 1.4915
0.9184 0.7959 1.4565
1.0408 0.7959 1.4515
1.1633 0.7959 1.4765
1.2857 0.7959 1.5314
1.4082 0.7959 1.6164
1.5306 0.7959 1.7314
1.6531 0.7959 1.8763
1.7755 0.7959 2.0512
1.8980 0.7959 2.2561
2.0204 0.7959 2.4910
2.1429 0.7959 2.7559
2.2653 0.7959 3.0508
2.3878 0.7959 3.3757
2.5102 0.7959 3.7305
2.6327 0.7959 4.1154
2.7551 0.7959 4.5302
2.8776 0.7959 4.9750
3.0000 0.7959 5.4498
-3.0000 0.9184 17.1699
-2.8776 0.9184 16.2053
-2.7551 0.9184 15.2707
-2.6327 0.9184 14.3661
-2.5102 0.9184 13.4915
-2.3878 0.9184 12.6468
-2.2653 0.9184 11.8322
-2.1429 0.9184 11.0475
-2.0204 0.9184 10.2928
-1.8980 0.9184 9.5681
-1.7755 0.9184 8.8734
-1.6531 0.9184 8.2087
-1.5306 0.9184 7.5739
-1.4082 0.9184 6.9692
-1.2857 0.9184 6.3944
-1.1633 0.9184 5.8496
-1.0408 0.9184 5.3349
-0.9184 0.9184 4.8501
-0.7959 0.9184 4.3953
-0.6735 0.9184 3.9704
-0.5510 0.9184 3.5756
-0.4286 0.9184 3.2107
-0.3061 0.9184 2.8759
-0.1837 0.9184 2.5710
-0.0612 0.9184 2.2961
0.0612 0.9184 2.0512
0.1837 0.9184 1.8363
0.3061 0.9184 1.6514
0.4286 0.9184 1.4965
0.5510 0.9184 1.3715
0.6735 0.9184 1.2766
0.7959 0.9184 1.2116
0.9184 0.9184 1.1766
1.0408 0.9184 1.1716
1.1633 0.9184 1.1966
1.2857 0.9184 1.2516
1.4082 0.9184 1.3365
1.5306 0.9184 1.4515
1.6531 0.9184 1.5964
1.7755 0.9184 1.7713
1.8980 0.9184 1.9763
2.0204 0.9184 2.2112
2.1429 0.9184 2.4761
2.2653 0.9184 2.7709
2.3878 0.9184 3.0958
2.5102 0.9184 3.4506
2.6327 0.9184 3.8355
2.7551 0.9184 4.2503
2.8776 0.9184 4.6951
3.0000 0.9184 5.1699
-3.0000 1.0408 16.9200
-2.8776 1.0408 15.9554
-2.7551 1.0408 15.0208
-2.6327 1.0408 14.1162
-2.5102 1.0408 13.2416
-2.3878 1.0408 12.3969
-2.2653 1.0408 11.5823
-2.1429 1.0408 10.7976
-2.0204 1.0408 10.0429
-1.8980 1.0408 9.3182
-1.7755 1.0408 8.6235
-1.6531 1.0408 7.9588
-1.5306 1.0408 7.3240
-1.4082 1.0408 6.7193
-1.2857 1.0408 6.1445
-1.1633 1.0408 5.5998
-1.0408 1.0408 5.0850
-0.9184 1.0408 4.6002
-0.7959 1.0408 4.1454
-0.6735 1.0408 3.7205
-0.5510 1.0408 3.3257
-0.4286 1.0408 2.9608
-0.3061 1.0408 2.6260
-0.1837 1.0408 2.3211
-0.0612 1.0408 2.0462
0.0612 1.0408 1.8013
0.1837 1.0408 1.5864
0.3061 1.0408 1.4015
0.4286 1.0408 1.2466
0.5510 1.0408 1.1216
0.6735 1.0408 1.0267
0.7959 1.0408 0.9617
0.9184 1.0408 0.9267
1.0408 1.0408 0.9217
1.1633 1.0408 0.9467
1.2857 1.0408 1.0017
1.4082 1.0408 1.0866
1.5306 1.0408 1.2016
1.6531 1.0408 1.3465
1.7755 1.0408 1.5214
1.8980 1.0408 1.7264
2.0204 1.0408 1.9613
2.1429 1.0408 2.2262
2.2653 1.0408 2.5210
2.3878 1.0408 2.8459
2.5102 1.0408 3.2007
2.6327 1.0408 3.5856
2.7551 1.0408 4.0004
2.8776 1.0408 4.4452
3.0000 1.0408 4.9200
-3.0000 1.1633 16.7001
-2.8776 1.1633 15.7355
-2.7551 1.1633 14.8009
-2.6327 1.1633 13.8963
-2.5102 1.1633 13.0217
-2.3878 1.1633 12.1770
-2.2653 1.1633 11.3623
-2.1429 1.1633 10.5777
-2.0204 1.1633 9.8230
-1.8980 1.1633 9.0983
-1.7755 1.1633 8.4036
-1.6531 1.1633 7.7389
-1.5306 1.1633 7.1041
-1.4082 1.1633 6.4994
-1.2857 1.1633 5.9246
-1.1633 1.1633 5.3798
-1.0408 1.1633 4.8651
-0.9184 1.1633 4.3803
-0.7959 1.1633 3.9254
-0.6735 1.1633 3.5006
-0.5510 1.1633 3.1058
-0.4286 1.1633 2.7409
-0.3061 1.1633 2.4061
-0.1837 1.1633 2.1012
-0.0612 1.1633 1.8263
0.0612 1.1633 1.5814
0.1837 1.1633 1.3665
0.3061 1.1633 1.1816
0.4286 1.1633 1.0267
0.5510 1.1633 0.9017
0.6735 1.1633 0.8067
0.7959 1.1633 0.7418
0.9184 1.1633 0.7068
1.0408 1.1633 0.7018
1.1633 1.1633 0.7268
1.2857 1.1633 0.7818
1.4082 1.1633 0.8667
1.5306 1.1633 0.9817
1.6531 1.1633 1.1266
1.7755 1.1633 1.3015
1.8980 1.1633 1.5065
2.0204 1.1633 1.7414
2.1429 1.1633 2.0062
2.2653 1.1633 2.3011
2.3878 1.1633 2.6260
2.5102 1.1633 2.9808
2.6327 1.1633 3.3657
2.7551 1.1633 3.7805
2.8776 1.1633 4.2253
3.0000 1.1633 4.7001
-3.0000 1.2857 16.5102
-2.8776 1.2857 15.5456
-2.7551 1.2857 14.6110
-2.6327 1.2857 13.7064
-2.5102 1.2857 12.8317
-2.3878 1.2857 11.9871
-2.2653 1.2857 11.1724
-2.1429 1.2857 10.3878
-2.0204 1.2857 9.6331
-1.8980 1.2857 8.9084
-1.7755 1.2857 8.2137
-1.6531 1.2857 7.5489
-1.5306 1.2857 6.9142
-1.4082 1.2857 6.3095
-1.2857 1.2857 5.7347
-1.1633 1.2857 5.1899
-1.0408 1.2857 4.6751
-0.9184 1.2857 4.1903
-0.7959 1.2857 3.7355
-0.6735 1.2857 3.3107
-0.5510 1.2857 2.9159
-0.4286 1.2857 2.5510
-0.3061 1.2857 2.2162
-0.1837 1.2857 1.9113
-0.0612 1.2857 1.6364
0.0612 1.2857 1.3915
0.1837 1.2857 1.1766
0.3061 1.2857 0.9917
0.4286 1.2857 0.8367
0.5510 1.2857 0.7118
0.6735 1.2857 0.6168
0.7959 1.2857 0.5519
0.9184 1.2857 0.5169
1.0408 1.2857 0.5119
1.1633 1.2857 0.5369
1.2857 1.2857 0.5918
1.4082 1.2857 0.6768
1.5306 1.2857 0.7918
1.6531 1.2857 0.9367
1.7755 1.2857 1.1116
1.8980 1.2857 1.3165
2.0204 1.2857 1.5514
2.1429 1.2857 1.8163
2.2653 1.2857 2.1112
2.3878 1.2857 2.4361
2.5102 1.2857 2.7909
2.6327 1.2857 3.1758
2.7551 1.2857 3.5906
2.8776 1.2857 4.0354
3.0000 1.2857 4.5102
-3.0000 1.4082 16.3503
-2.8776 1.4082 15.3857
-2.7551 1.4082 14.4511
-2.6327 1.4082 13.5464
-2.5102 1.4082 12.6718
-2.3878 1.4082 11.8272
-2.2653 1.4082 11.0125
-2.1429 1.4082 10.2278
-2.0204 1.4082 9.4731
-1.8980 1.4082 8.7484
-1.7755 1.4082 8.0537
-1.6531 1.4082 7.3890
-1.5306 1.4082 6.7543
-1.4082 1.4082 6.1495
-1.2857 1.4082 5.5748
-1.1633 1.4082 5.0300
-1.0408 1.4082 4.5152
-0.9184 1.4082 4.0304
-0.7959 1.4082 3.5756
-0.6735 1.4082 3.1508
-0.5510 1.4082 2.7559
-0.4286 1.4082 2.3911
-0.3061 1.4082 2.0562
-0.1837 1.4082 1.7514
-0.0612 1.4082 1.4765
0.0612 1.4082 1.2316
0.1837 1.4082 1.0167
0.3061 1.4082 0.8317
0.4286 1.4082 0.6768
0.5510 1.4082 0.5519
0.6735 1.4082 0.4569
0.7959 1.4082 0.3919
0.9184 1.4082 0.3569
1.0408 1.4082 0.3519
1.1633 1.4082 0.3769
1.2857 1.4082 0.4319
1.4082 1.4082 0.5169
1.5306 1.4082 0.6318
1.6531 1.4082 0.7768
1.7755 1.4082 0.9517
1.8980 1.4082 1.1566
2.0204 1.4082 1.3915
2.1429 1.4082 1.6564
2.2653 1.4082 1.9513
2.3878 1.4082 2.2761
2.5102 1.4082 2.6310
2.6327 1.4082 3.0158
2.7551 1.4082 3.4307
2.8776 1.4082 3.8755
3.0000 1.4082 4.3503
-3.0000 1.5306 16.2203
-2.8776 1.5306 15.2557
-2.7551 1.5306 14.3211
-2.6327 1.5306 13.4165
-2.5102 1.5306 12.5419
-2.3878 1.5306 11.6972
-2.2653 1.5306 10.8825
-2.1429 1.5306 10.0979
-2.0204 1.5306 9.3432
-1.8980 1.5306 8.6185
-1.7755 1.5306 7.9238
-1.6531 1.5306 7.2591
-1.5306 1.5306 6.6243
-1.4082 1.5306 6.0196
-1.2857 1.5306 5.4448
-1.1633 1.5306 4.9000
-1.0408 1.5306 4.3853
-0.9184 1.5306 3.9005
-0.7959 1.5306 3.4456
-0.6735 1.5306 3.0208
-0.5510 1.5306 2.6260
-0.4286 1.5306 2.2611
-0.3061 1.5306 1.9263
-0.1837 1.5306 1.6214
-0.0612 1.5306 1.3465
0.0612 1.5306 1.1016
0.1837 1.5306 0.8867
0.3061 1.5306 0.7018
0.4286 1.5306 0.5469
0.5510 1.5306 0.4219
0.6735 1.5306 0.3269
0.7959 1.5306 0.2620
0.9184 1.5306 0.2270
1.0408 1.5306 0.2220
1.1633 1.5306 0.2470
1.2857 1.5306 0.3020
1.4082 1.5306 0.3869
1.5306 1.5306 0.5019
1.6531 1.5306 0.6468
1.7755 1.5306 0.8217
1.8980 1.5306 1.0267
2.0204 1.5306 1.2616
2.1429 1.5306 1.5264
2.2653 1.5306 1.8213
2.3878 1.5306 2.1462
2.5102 1.5306 2.5010
2.6327 1.5306 2.8859
2.7551 1.5306 3.3007
2.8776 1.5306 3.7455
3.0000 1.5306 4.2203
-3.0000 1.6531 16.1204
-2.8776 1.6531 15.1558
-2.7551 1.6531 14.2212
-2.6327 1.6531 13.3165
-2.5102 1.6531 12.4419
-2.3878 1.6531 11.5973
-2.2653 1.6531 10.7826
-2.1429 1.6531 9.9979
-2.0204 1.6531 9.2432
-1.8980 1.6531 8.5185
-1.7755 1.6531 7.8238
-1.6531 1.6531 7.1591
-1.5306 1.6531 6.5244
-1.4082 1.6531 5.9196
-1.2857 1.6531 5.3449
-1.1633 1.6531 4.8001
-1.0408 1.6531 4.2853
-0.9184 1.6531 3.8005
-0.7959 1.6531 3.3457
-0.6735 1.6531 2.9209
-0.5510 1.6531 2.5260
-0.4286 1.6531 2.1612
-0.3061 1.6531 1.8263
-0.1837 1.6531 1.5214
-0.0612 1.6531 1.2466
0.0612 1.6531 1.0017
0.1837 1.6531 0.7868
0.3061 1.6531 0.6018
0.4286 1.6531 0.4469
0.5510 1.6531 0.3219
0.6735 1.6531 0.2270
0.7959 1.6531 0.1620
0.9184 1.6531 0.1270
1.0408 1.6531 0.1220
1.1633 1.6531 0.1470
1.2857 1.6531 0.2020
1.4082 1.6531 0.2870
1.5306 1.6531 0.4019
1.6531 1.6531 0.5469
1.7755 1.6531 0.7218
1.8980 1.6531 0.9267
2.0204 1.6531 1.1616
2.1429 1.6531 1.4265
2.2653 1.6531 1.7214
2.3878 1.6531 2.0462
2.5102 1.6531 2.4011
2.6327 1.6531 2.7859
2.7551 1.6531 3.2007
2.8776 1.6531 3.6456
3.0000 1.6531 4.1204
-3.0000 1.7755 16.0504
-2.8776 1.7755 15.0858
-2.7551 1.7755 14.1512
-2.6327 1.7755 13.2466
-2.5102 1.7755 12.3719
-2.3878 1.7755 11.5273
-2.2653 1.7755 10.7126
-2.1429 1.7755 9.9279
-2.0204 1.7755 9.1733
-1.8980 1.7755 8.4486
-1.7755 1.7755 7.7539
-1.6531 1.7755 7.0891
-1.5306 1.7755 6.4544
-1.4082 1.7755 5.8496
-1.2857 1.7755 5.2749
-1.1633 1.7755 4.7301
-1.0408 1.7755 4.2153
-0.9184 1.7755 3.7305
-0.7959 1.7755 3.2757
-0.6735 1.7755 2.8509
-0.5510 1.7755 2.4561
-0.4286 1.7755 2.0912
-0.3061 1.7755 1.7564
-0.1837 1.7755 1.4515
-0.0612 1.7755 1.1766
0.0612 1.7755 0.9317
0.1837 1.7755 0.7168
0.3061 1.7755 0.5319
0.4286 1.7755 0.3769
0.5510 1.7755 0.2520
0.6735 1.7755 0.1570
0.7959 1.7755 0.0920
0.9184 1.7755 0.0571
1.0408 1.7755 0.0521
1.1633 1.7755 0.0771
1.2857 1.7755 0.1320
1.4082 1.7755 0.2170
1.5306 1.7755 0.3319
1.6531 1.7755 0.4769
1.7755 1.7755 0.6518
1.8980 1.7755 0.8567
2.0204 1.7755 1.0916
2.1429 1.7755 1.3565
2.2653 1.7755 1.6514
2.3878 1.7755 1.9763
2.5102 1.7755 2.3311
2.6327 1.7755 2.7160
2.7551 1.7755 3.1308
2.8776 1.7755 3.5756
3.0000 1.7755 4.0504
-3.0000 1.8980 16.0104
-2.8776 1.8980 15.0458
-2.7551 1.8980 14.1112
-2.6327 1.8980 13.2066
-2.5102 1.8980 12.3319
-2.3878 1.8980 11.4873
-2.2653 1.8980 10.6726
-2.1429 1.8980 9.8880
-2.0204 1.8980 9.1333
-1.8980 1.8980 8.4086
-1.7755 1.8980 7.7139
-1.6531 1.8980 7.0491
-1.5306 1.8980 6.4144
-1.4082 1.8980 5.8097
-1.2857 1.8980 5.2349
-1.1633 1.8980 4.6901
-1.0408 1.8980 4.1753
-0.9184 1.8980 3.6905
-0.7959 1.8980 3.2357
-0.6735 1.8980 2.8109
-0.5510 1.8980 2.4161
-0.4286 1.8980 2.0512
-0.3061 1.8980 1.7164
-0.1837 1.8980 1.4115
-0.0612 1.8980 1.1366
0.0612 1.8980 0.8917
0.1837 1.8980 0.6768
0.3061 1.8980 0.4919
0.4286 1.8980 0.3369
0.5510 1.8980 0.2120
0.6735 1.8980 0.1170
0.7959 1.8980 0.0521
0.9184 1.8980 0.0171
1.0408 1.8980 0.0121
1.1633 1.8980 0.0371
1.2857 1.8980 0.0920
1.4082 1.8980 0.1770
1.5306 1.8980 0.2920
1.6531 1.8980 0.4369
1.7755 1.8980 0.6118
1.8980 1.8980 0.8167
2.0204 1.8980 1.0516
2.1429 1.8980 1.3165
2.2653 1.8980 1.6114
2.3878 1.8980 1.9363
2.5102 1.8980 2.2911
2.6327 1.8980 2.6760
2.7551 1.8980 3.0908
2.8776 1.8980 3.5356
3.0000 1.8980 4.0104
-3.0000 2.0204 16.0004
-2.8776 2.0204 15.0358
-2.7551 2.0204 14.1012
-2.6327 2.0204 13.1966
-2.5102 2.0204 12.3219
-2.3878 2.0204 11.4773
-2.2653 2.0204 10.6626
-2.1429 2.0204 9.8780
-2.0204 2.0204 9.1233
-1.8980 2.0204 8.3986
-1.7755 2.0204 7.7039
-1.6531 2.0204 7.0392
-1.5306 2.0204 6.4044
-1.4082 2.0204 5.7997
-1.2857 2.0204 5.2249
-1.1633 2.0204 4.6801
-1.0408 2.0204 4.1653
-0.9184 2.0204 3.6805
-0.7959 2.0204 3.2257
-0.6735 2.0204 2.8009
-0.5510 2.0204 2.4061
-0.4286 2.0204 2.0412
-0.3061 2.0204 1.7064
-0.1837 2.0204 1.4015
-0.0612 2.0204 1.1266
0.0612 2.0204 0.8817
0.1837 2.0204 0.6668
0.3061 2.0204 0.4819
0.4286 2.0204 0.3269
0.5510 2.0204 0.2020
0.6735 2.0204 0.1070
0.7959 2.0204 0.0421
0.9184 2.0204 0.0071
1.0408 2.0204 0.0021
1.1633 2.0204 0.0271
1.2857 2.0204 0.0820
1.4082 2.0204 0.1670
1.5306 2.0204 0.2820
1.6531 2.0204 0.4269
1.7755 2.0204 0.6018
1.8980 2.0204 0.8067
2.0204 2.0204 1.0416
2.1429 2.0204 1.3065
2.2653 2.0204 1.6014
2.3878 2.0204 1.9263
2.5102 2.0204 2.2811
2.6327 2.0204 2.6660
2.7551 2.0204 3.0808
2.8776 2.0204 3.5256
3.0000 2.0204 4.0004
-3.0000 2.1429 16.0204
-2.8776 2.1429 15.0558
-2.7551 2.1429 14.1212
-2.6327 2.1429 13.2166
-2.5102 2.1429 12.3419
-2.3878 2.1429 11.4973
-2.2653 2.1429 10.6826
-2.1429 2.1429 9.8980
-2.0204 2.1429 9.1433
-1.8980 2.1429 8.4186
-1.7755 2.1429 7.7239
-1.6531 2.1429 7.0591
-1.5306 2.1429 6.4244
-1.4082 2.1429 5.8197
-1.2857 2.1429 5.2449
-1.1633 2.1429 4.7001
-1.0408 2.1429 4.1853
-0.9184 2.1429 3.7005
-0.7959 2.1429 3.2457
-0.6735 2.1429 2.8209
-0.5510 2.1429 2.4261
-0.4286 2.1429 2.0612
-0.3061 2.1429 1.7264
-0.1837 2.1429 1.4215
-0.0612 2.1429 1.1466
0.0612 2.1429 0.9017
0.1837 2.1429 0.6868
0.3061 2.1429 0.5019
0.4286 2.1429 0.3469
0.5510 2.1429 0.2220
0.6735 2.1429 0.1270
0.7959 2.1429 0.0621
0.9184 2.1429 0.0271
1.0408 2.1429 0.0221
1.1633 2.1429 0.0471
1.2857 2.1429 0.1020
1.4082 2.1429 0.1870
1.5306 2.1429 0.3020
1.6531 2.1429 0.4469
1.7755 2.1429 0.6218
1.8980 2.1429 0.8267
2.0204 2.1429 1.0616
2.1429 2.1429 1.3265
2.2653 2.1429 1.6214
2.3878 2.1429 1.9463
2.5102 2.1429 2.3011
2.6327 2.1429 2.6860
2.7551 2.1429 3.1008
2.8776 2.1429 3.5456
3.0000 2.1429 4.0204
-3.0000 2.2653 16.0704
-2.8776 2.2653 15.1058
-2.7551 2.2653 14.1712
-2.6327 2.2653 13.2666
-2.5102 2.2653 12.3919
-2.3878 2.2653 11.5473
-2.2653 2.2653 10.7326
-2.1429 2.2653 9.9479
-2.0204 2.2653 9.1933
-1.8980 2.2653 8.4686
-1.7755 2.2653 7.7738
-1.6531 2.2653 7.1091
-1.5306 2.2653 6.4744
-1.4082 2.2653 5.8696
-1.2857 2.2653 5.2949
-1.1633 2.2653 4.7501
-1.0408 2.2653 4.2353
-0.9184 2.2653 3.7505
-0.7959 2.2653 3.2957
-0.6735 2.2653 2.8709
-0.5510 2.2653 2.4761
-0.4286 2.2653 2.1112
-0.3061 2.2653 1.7763
-0.1837 2.2653 1.4715
-0.0612 2.2653 1.1966
0.0612 2.2653 0.9517
0.1837 2.2653 0.7368
0.3061 2.2653 0.5519
0.4286 2.2653 0.3969
0.5510 2.2653 0.2720
0.6735 2.2653 0.1770
0.7959 2.2653 0.1120
0.9184 2.2653 0.0771
1.0408 2.2653 0.0721
1.1633 2.2653 0.0970
1.2857 2.2653 0.1520
1.4082 2.2653 0.2370
1.5306 2.2653 0.3519
1.6531 2.2653 0.4969
1.7755 2.2653 0.6718
1.8980 2.2653 0.8767
2.0204 2.2653 1.1116
2.1429 2.2653 1.3765
2.2653 2.2653 1.6714
2.3878 2.2653 1.9963
2.5102 2.2653 2.3511
2.6327 2.2653 2.7359
2.7551 2.2653 3.1508
2.8776 2.2653 3.5956
3.0000 2.2653 4.0704
-3.0000 2.3878 16.1504
-2.8776 2.3878 15.1858
-2.7551 2.3878 14.2511
-2.6327 2.3878 13.3465
-2.5102 2.3878 12.4719
-2.3878 2.3878 11.6272
-2.2653 2.3878 10.8126
-2.1429 2.3878 10.0279
-2.0204 2.3878 9.2732
-1.8980 2.3878 8.5485
-1.7755 2.3878 7.8538
-1.6531 2.3878 7.1891
-1.5306 2.3878 6.5544
-1.4082 2.3878 5.9496
-1.2857 2.3878 5.3748
-1.1633 2.3878 4.8301
-1.0408 2.3878 4.3153
-0.9184 2.3878 3.8305
-0.7959 2.3878 3.3757
-0.6735 2.3878 2.9509
-0.5510 2.3878 2.5560
-0.4286 2.3878 2.1912
-0.3061 2.3878 1.8563
-0.1837 2.3878 1.5514
-0.0612 2.3878 1.2766
0.0612 2.3878 1.0317
0.1837 2.3878 0.8167
0.3061 2.3878 0.6318
0.4286 2.3878 0.4769
0.5510 2.3878 0.3519
0.6735 2.3878 0.2570
0.7959 2.3878 0.1920
0.9184 2.3878 0.1570
1.0408 2.3878 0.1520
1.1633 2.3878 0.1770
1.2857 2.3878 0.2320
1.4082 2.3878 0.3170
1.5306 2.3878 0.4319
1.6531 2.3878 0.5768
1.7755 2.3878 0.7518
1.8980 2.3878 0.9567
2.0204 2.3878 1.1916
2.1429 2.3878 1.4565
2.2653 2.3878 1.7514
2.3878 2.3878 2.0762
2.5102 2.3878 2.4311
2.6327 2.3878 2.8159
2.7551 2.3878 3.2307
2.8776 2.3878 3.6756
3.0000 2.3878 4.1504
-3.0000 2.5102 16.2603
-2.8776 2.5102 15.2957
-2.7551 2.5102 14.3611
-2.6327 2.5102 13.4565
-2.5102 2.5102 12.5818
-2.3878 2.5102 11.7372
-2.2653 2.5102 10.9225
-2.1429 2.5102 10.1379
-2.0204 2.5102 9.3832
-1.8980 2.5102 8.6585
-1.7755 2.5102 7.9638
-1.6531 2.5102 7.2990
-1.5306 2.5102 6.6643
-1.4082 2.5102 6.0596
-1.2857 2.5102 5.4848
-1.1633 2.5102 4.9400
-1.0408 2.5102 4.4252
-0.9184 2.5102 3.9404
-0.7959 2.5102 3.4856
-0.6735 2.5102 3.0608
-0.5510 2.5102 2.6660
-0.4286 2.5102 2.3011
-0.3061 2.5102 1.9663
-0.1837 2.5102 1.6614
-0.0612 2.5102 1.3865
0.0612 2.5102 1.1416
0.1837 2.5102 0.9267
0.3061 2.5102 0.7418
0.4286 2.5102 0.5868
0.5510 2.5102 0.4619
0.6735 2.5102 0.3669
0.7959 2.5102 0.3020
0.9184 2.5102 0.2670
1.0408 2.5102 0.2620
1.1633 2.5102 0.2870
1.2857 2.5102 0.3419
1.4082 2.5102 0.4269
1.5306 2.5102 0.5419
1.6531 2.5102 0.6868
1.7755 2.5102 0.8617
1.8980 2.5102 1.0666
2.0204 2.5102 1.3015
2.1429 2.5102 1.5664
2.2653 2.5102 1.8613
2.3878 2.5102 2.1862
2.5102 2.5102 2.5410
2.6327 2.5102 2.9259
2.7551 2.5102 3.3407
2.8776 2.5102 3.7855
3.0000 2.5102 4.2603
-3.0000 2.6327 16.4002
-2.8776 2.6327 15.4357
-2.7551 2.6327 14.5010
-2.6327 2.6327 13.5964
-2.5102 2.6327 12.7218
-2.3878 2.6327 11.8771
-2.2653 2.6327 11.0625
-2.1429 2.6327 10.2778
-2.0204 2.6327 9.5231
-1.8980 2.6327 8.7984
-1.7755 2.6327 8.1037
-1.6531 2.6327 7.4390
-1.5306 2.6327 6.8042
-1.4082 2.6327 6.1995
-1.2857 2.6327 5.6247
-1.1633 2.6327 5.0800
-1.0408 2.6327 4.5652
-0.9184 2.6327 4.0804
-0.7959 2.6327 3.6256
-0.6735 2.6327 3.2007
-0.5510 2.6327 2.8059
-0.4286 2.6327 2.4411
-0.3061 2.6327 2.1062
-0.1837 2.6327 1.8013
-0.0612 2.6327 1.5264
0.0612 2.6327 1.2815
0.1837 2.6327 1.0666
0.3061 2.6327 0.8817
0.4286 2.6327 0.7268
0.5510 2.6327 0.6018
0.6735 2.6327 0.5069
0.7959 2.6327 0.4419
0.9184 2.6327 0.4069
1.0408 2.6327 0.4019
1.1633 2.6327 0.4269
1.2857 2.6327 0.4819
1.4082 2.6327 0.5668
1.5306 2.6327 0.6818
1.6531 2.6327 0.8267
1.7755 2.6327 1.0017
1.8980 2.6327 1.2066
2.0204 2.6327 1.4415
2.1429 2.6327 1.7064
2.2653 2.6327 2.0012
2.3878 2.6327 2.3261
2.5102 2.6327 2.6810
2.6327 2.6327 3.0658
2.7551 2.6327 3.4806
2.8776 2.6327 3.9254
3.0000 2.6327 4.4002
-3.0000 2.7551 16.5702
-2.8776 2.7551 15.6056
-2.7551 2.7551 14.6710
-2.6327 2.7551 13.7663
-2.5102 2.7551 12.8917
-2.3878 2.7551 12.0471
-2.2653 2.7551 11.2324
-2.1429 2.7551 10.4477
-2.0204 2.7551 9.6930
-1.8980 2.7551 8.9683
-1.7755 2.7551 8.2736
-1.6531 2.7551 7.6089
-1.5306 2.7551 6.9742
-1.4082 2.7551 6.3694
-1.2857 2.7551 5.7947
-1.1633 2.7551 5.2499
-1.0408 2.7551 4.7351
-0.9184 2.7551 4.2503
-0.7959 2.7551 3.7955
-0.6735 2.7551 3.3707
-0.5510 2.7551 2.9758
-0.4286 2.7551 2.6110
-0.3061 2.7551 2.2761
-0.1837 2.7551 1.9713
-0.0612 2.7551 1.6964
0.0612 2.7551 1.4515
0.1837 2.7551 1.2366
0.3061 2.7551 1.0516
0.4286 2.7551 0.8967
0.5510 2.7551 0.7718
0.6735 2.7551 0.6768
0.7959 2.7551 0.6118
0.9184 2.7551 0.5768
1.0408 2.7551 0.5718
1.1633 2.7551 0.5968
1.2857 2.7551 0.6518
1.4082 2.7551 0.7368
1.5306 2.7551 0.8517
1.6531 2.7551 0.9967
1.7755 2.7551 1.1716
1.8980 2.7551 1.3765
2.0204 2.7551 1.6114
2.1429 2.7551 1.8763
2.2653 2.7551 2.1712
2.3878 2.7551 2.4960
2.5102 2.7551 2.8509
2.6327 2.7551 3.2357
2.7551 2.7551 3.6506
2.8776 2.7551 4.0954
3.0000 2.7551 4.5702
-3.0000 2.8776 16.7701
-2.8776 2.8776 15.8055
-2.7551 2.8776 14.8709
-2.6327 2.8776 13.9663
-2.5102 2.8776 13.0916
-2.3878 2.8776 12.2470
-2.2653 2.8776 11.4323
-2.1429 2.8776 10.6476
-2.0204 2.8776 9.8930
-1.8980 2.8776 9.1683
-1.7755 2.8776 8.4736
-1.6531 2.8776 7.8088
-1.5306 2.8776 7.1741
-1.4082 2.8776 6.5693
-1.2857 2.8776 5.9946
-1.1633 2.8776 5.4498
-1.0408 2.8776 4.9350
-0.9184 2.8776 4.4502
-0.7959 2.8776 3.9954
-0.6735 2.8776 3.5706
-0.5510 2.8776 3.1758
-0.4286 2.8776 2.8109
-0.3061 2.8776 2.4761
-0.1837 2.8776 2.1712
-0.0612 2.8776 1.8963
0.0612 2.8776 1.6514
0.1837 2.8776 1.4365
0.3061 2.8776 1.2516
0.4286 2.8776 1.0966
0.5510 2.8776 0.9717
0.6735 2.8776 0.8767
0.7959 2.8776 0.8117
0.9184 2.8776 0.7768
1.0408 2.8776 0.7718
1.1633 2.8776 0.7968
1.2857 2.8776 0.8517
1.4082 2.8776 0.9367
1.5306 2.8776 1.0516
1.6531 2.8776 1.1966
1.7755 2.8776 1.3715
1.8980 2.8776 1.5764
2.0204 2.8776 1.8113
2.1429 2.8776 2.0762
2.2653 2.8776 2.3711
2.3878 2.8776 2.6960
2.5102 2.8776 3.0508
2.6327 2.8776 3.4357
2.7551 2.8776 3.8505
2.8776 2.8776 4.2953
3.0000 2.8776 4.7701
-3.0000 3.0000 17.0000
-2.8776 3.0000 16.0354
-2.7551 3.0000 15.1008
-2.6327 3.0000 14.1962
-2.5102 3.0000 13.3215
-2.3878 3.0000 12.4769
-2.2653 3.0000 11.6622
-2.1429 3.0000 10.8776
-2.0204 3.0000 10.1229
-1.8980 3.0000 9.3982
-1.7755 3.0000 8.7035
-1.6531 3.0000 8.0387
-1.5306 3.0000 7.4040
-1.4082 3.0000 6.7993
-1.2857 3.0000 6.2245
-1.1633 3.0000 5.6797
-1.0408 3.0000 5.1649
-0.9184 3.0000 4.6801
-0.7959 3.0000 4.2253
-0.6735 3.0000 3.8005
-0.5510 3.0000 3.4057
-0.4286 3.0000 3.0408
-0.3061 3.0000 2.7060
-0.1837 3.0000 2.4011
-0.0612 3.0000 2.1262
0.0612 3.0000 1.8813
0.1837 3.0000 1.6664
0.3061 3.0000 1.4815
0.4286 3.0000 1.3265
0.5510 3.0000 1.2016
0.6735 3.0000 1.1066
0.7959 3.0000 1.0416
0.9184 3.0000 1.0067
1.0408 3.0000 1.0017
1.1633 3.0000 1.0267
1.2857 3.0000 1.0816
1.4082 3.0000 1.1666
1.5306 3.0000 1.2815
1.6531 3.0000 1.4265
1.7755 3.0000 1.6014
1.8980 3.0000 1.8063
2.0204 3.0000 2.0412
2.1429 3.0000 2.3061
2.2653 3.0000 2.6010
2.3878 3.0000 2.9259
2.5102 3.0000 3.2807
2.6327 3.0000 3.6656
2.7551 3.0000 4.0804
2.8776 3.0000 4.5252
3.0000 3.0000 5.0000
