FC1_w
25 15 
-7.20521 -0.322914 0.735017 1.4128 0.314725 0.366203 -0.182908 -0.532795 0.803165 2.09239 0.100903 -0.0659782 1.1916 1.09023 0.7385 -1.15354 -0.0746382 0.433655 0.314173 1.05297 0.0726406 0.0286612 0.819164 0.222174 3.15159 -0.120893 -0.0720349 0.527151 0.66821 0.360029 -0.336958 1.05543 0.423068 -0.913059 0.111687 0.0351693 0.0838065 0.351272 0.249651 -0.244493 -1.32196 0.361559 1.08709 0.861748 -0.483186 -0.481946 -0.692506 -0.541962 -0.115175 -0.931821 0.0836892 0.547352 0.611433 0.165018 0.123129 -1.03874 -0.684356 -0.671363 -0.293027 0.322833 0.185202 -1.07036 -0.716501 0.104372 -0.654784 -0.739562 0.0599424 -0.714543 -0.0787312 -0.593052 -1.53004 -0.110799 -0.59737 -0.0497082 -0.159628 0.380113 3.48106e-33 0.351965 -0.846704 0.0174088 -0.335475 -0.00900538 -1.09481 -0.694207 -1.1674 0.125912 0.0137543 -1.40905 -1.56115 -1.39781 0.212251 -1.16199e-32 -0.316694 -0.522582 0.0664598 -0.720029 -0.669355 -0.283187 -0.423392 3.90536e-33 -0.288628 -0.13147 -0.103865 -0.216827 -0.233276 -0.559384 -5.22268e-33 -0.304706 -0.625343 -0.234058 -0.710973 -0.222269 0.150765 -0.306524 -0.200116 -0.312329 -0.22136 0.0102795 -0.208207 -0.328455 0.0784848 -1.16745e-32 -0.352377 0.119624 -0.942714 1.10624 0.142892 0.354507 0.584127 0.590288 -0.645124 0.188471 -0.455201 -0.963837 0.259928 -0.0760665 -8.89702e-33 -1.15994 -1.10433 -0.745451 0.336257 0.200459 -0.795362 0.426384 1.81613 0.130568 -0.912556 0.211082 -0.521224 0.0576293 -0.346831 -0.244858 0.613854 0.624015 -0.541847 -0.113846 -0.116012 -0.369073 -0.0584178 2.5143e-34 0.0271256 0.16222 0.471523 0.382265 -0.263677 0.0954105 -0.150045 0.593728 -0.0991076 -0.380757 0.0608623 0.661604 -0.343938 -0.761792 -0.459609 -0.728423 -0.664312 -1.22236 0.259829 0.208037 -0.411035 -7.44342e-33 -0.197759 -0.470435 -0.297516 -0.173164 -0.358361 -0.129838 -0.255005 -1.17326e-32 -0.24619 -0.592148 -0.113232 -0.138894 -0.256665 0.244714 -0.90857 -0.338746 0.265604 -0.429858 -0.698136 -0.396889 -0.400705 -0.78958 1.13369e-32 -0.381581 -0.998854 0.292863 -0.309545 -0.398397 -1.15683 1.17198e-32 -0.721869 -0.321899 -0.169266 -1.47375 0.309777 -0.680573 -1.26472 0.414866 -1.21788 0.215187 -1.08856 -1.25129 0.143748 0.502441 -0.608514 0.553229 -0.252694 0.489301 -0.633117 -0.114271 -0.518006 -0.263423 0.44859 0.218839 0.342088 -0.460619 0.558339 -1.09841 2.94475 -1.39471 -0.790739 -1.40071 -0.88519 -1.05784 0.838861 -2.02293 -0.598751 -9.17797 0.207503 0.296463 -0.63748 0.0129652 -0.451866 -0.739432 -5.59654e-33 -0.251515 -0.691071 -0.660866 -0.433055 0.928713 -0.287533 0.15187 0.0114479 0.244166 -0.171706 -0.12006 -0.473581 0.57319 0.223248 0.723459 -0.874343 0.42613 -0.506714 -0.00227462 0.415008 0.0904776 -0.137425 -0.0993818 0.20729 -0.672497 0.936725 1.13476 0.896186 -0.457932 -0.387554 0.325868 0.780288 0.0107665 -0.520833 -0.853445 -0.792194 0.885538 -1.17241e-32 0.318496 0.982725 0.462239 0.8886 -0.914228 0.200556 0.158805 -0.0756609 -0.181743 -1.58534 -0.506441 -0.367978 -1.44436 -1.02423 -0.617396 -1.40383 -0.0454338 -1.44007 -0.0231148 -1.0602 0.224761 -6.24148 0.0168184 0.729218 -0.0943198 0.726979 0.740241 0.599931 0.948432 1.0769 -0.178042 -0.0374174 0.315796 0.000315599 -0.0598034 -0.457749 -0.0503152 -0.89589 -0.315774 -0.990167 -0.961967 0.469368 0.0823697 -1.12621 0.230668 -0.328421 0.323584 0.177586 0.185792 -0.224959 5.09405 0.501734 0.272741 -0.00956151 0.42741 0.674298 0.0035151 1.06325 0.0947412 -5.36786 0.213527 1.31839 1.32542 1.29119 0.63035 -1.45489 0.350767 -0.449733 -1.19953 0.233377 -0.264318 -0.683339 0.362968 -0.521722 1.14058e-32 -0.453162 0.0834492 0.467682 0.382032 -0.823138 

FC1_b
25 
0.835294 -0.418004 -1.12043 0.818609 0.371474 -1.28211 0.418905 -0.330551 0.53715 -0.0591997 0.379606 0.220178 -1.19623 0.468972 -0.213749 -0.451033 0.182719 -0.716294 0.34826 0.0373757 -0.758999 0.86953 -0.816325 -0.168412 -0.528037 

FC2_w
15 25 
0.554019 -0.00470902 -0.447937 -0.981422 -0.0264443 0.15769 5.52974e-33 0.17007 0.112291 -0.0279887 -0.340228 0.0303524 0.0546367 1.05065e-32 0.350311 0.0361847 -0.323525 -1.28688 0.351887 0.212232 -0.0926427 -1.64043 -0.113901 0.153893 -0.275794 0.133451 -0.113363 -0.0722726 -0.855391 -0.064661 -1.11389e-32 -0.240219 0.15426 -0.413418 -0.990921 0.0881707 -0.250388 -0.36722 -3.70985e-34 -0.170434 -0.10019 -0.128385 -0.280261 0.198321 -0.650384 -0.659671 -0.138106 0.236186 -0.0945806 -0.0647581 -0.65676 -3.04404e-33 0.138018 -1.3302 0.279542 -0.969325 2.85629e-33 -4.71633e-33 1.26785 -0.0921305 -1.07954 -1.37537 -1.16038e-32 8.00104e-33 -0.135162 -0.999274 1.06131e-32 -1.18656 -0.116936 -0.4415 -0.608668 4.4706e-33 0.485035 0.268093 -1.21668 -1.13624 0.244846 -0.715889 -0.676353 0.211916 -1.21767 -4.45662e-33 -3.14385e-33 0.627917 -0.427583 -1.15122 0.330273 1.10633e-32 1.1565e-32 0.396542 -1.03798 -8.49557e-33 -0.432235 0.133794 -1.12345 0.300542 -0.353155 0.389784 -1.1541 -0.338924 -1.04657 -1.36456 0.283471 -0.19783 -0.747102 0.367563 -8.54105e-33 -3.58737e-33 -1.35573 -0.10145 -0.692945 -0.291477 1.42962e-33 1.16011e-32 0.2464 -0.644749 -1.13989e-32 -1.41266 -0.187166 -0.97086 0.147766 -5.17409e-33 -1.11999 -0.698783 0.229637 0.173402 0.444175 0.182193 0.285471 -0.429012 0.0888776 0.114515 -0.0749279 -0.503673 -0.789573 0.914032 0.186529 -0.0312174 2.47702e-33 -0.306721 0.794439 0.835648 0.496206 0.193875 0.129496 -0.204846 0.796277 -0.244229 0.201069 0.0234507 -0.489337 0.486796 -0.344395 0.00877873 -0.018424 -0.495837 -3.26193e-33 0.228206 0.482768 -0.217937 0.404851 -0.0160635 -9.42578e-33 1.1701e-32 0.82263 0.349866 0.339612 0.169421 -0.0891533 0.0158844 -0.259067 0.853115 -0.375806 -0.0324478 -0.252253 -1.02073 -1.01089 -0.815535 -1.41953 -1.40044 0.821695 -5.53854e-33 3.4333e-33 -3.30817e-33 8.11102e-33 0.0843147 0.154824 4.63845e-33 2.70135e-33 0.441216 0.0925085 3.66023e-33 -1.14455e-32 -1.35137 0.330826 -0.386937 1.81316e-34 -0.712649 -1.12002 0.319161 -4.06377e-33 -1.0808e-32 -0.385872 -0.138241 -0.425947 -0.170633 7.32764e-33 4.54756e-33 -0.844855 0.126477 -1.15184 -0.793324 1.09717e-33 3.19044e-33 -0.265824 0.138586 -1.10057e-32 -0.551624 -0.844969 -1.2742 -1.2361 -8.55132e-34 0.353488 -0.577111 -0.122944 -0.440068 0.439692 0.292779 0.217618 0.291286 0.188103 -0.327995 0.214861 -0.936366 0.351374 -0.168795 -0.8905 1.16363e-32 0.925391 -0.697314 0.419722 6.30991e-33 -0.600129 -0.440981 -0.241197 -0.957733 0.18853 -0.643553 -0.493815 -0.271262 0.094051 0.217396 -0.617144 -0.190396 -0.807211 -1.15895e-32 1.15943e-32 1.03887e-33 3.42707e-33 0.543382 -0.477238 0.138289 -1.15973e-32 3.88664e-33 1.16269e-32 0.0844055 -4.32762e-33 -9.60564e-33 -0.974776 -0.508598 -1.19623 -4.53632e-33 -0.866527 -0.127408 0.14268 -0.382429 -0.30669 -0.669153 -0.328361 -0.815349 -1.03872 6.55794e-33 -0.2942 0.536023 -0.720753 -0.549813 -0.0668854 2.50465e-33 0.44844 0.741712 -0.614432 0.532126 -0.224967 -0.21307 -1.08873 -0.396196 0.585091 -0.105928 0.208887 0.779368 -1.17922 -5.26517e-33 0.00772498 -0.379316 -0.306205 -0.400877 -1.16816e-32 1.04107e-32 -0.136968 -1.05867 0.186272 -0.00843601 1.16475e-32 7.04184e-33 -0.0610297 -0.503604 -5.4719e-33 -0.687354 -0.275804 -0.799928 -0.698083 1.67178e-33 -1.16247 4.35798e-33 -1.19125 -0.334075 -1.06578 -0.742526 0.717718 0.53759 0.262764 -4.25886e-34 0.094254 0.631997 -0.587058 0.448366 0.620379 4.40241e-33 -0.346948 0.303951 -0.313148 -0.319219 0.751729 -0.851543 0.46073 0.289576 -1.44191 -0.518752 -0.708174 -0.450578 0.185298 -7.06002e-33 -0.0193848 -1.35837 -1.04999 0.155633 6.60097e-33 2.07141e-33 1.14016e-32 -1.11409e-32 -1.36126 -1.31531 -5.05095e-33 5.94345e-33 -0.308989 -1.10132 6.28119e-33 1.13346e-32 -0.800403 -1.03347 -0.0358268 5.47045e-33 -0.192271 -0.0283685 0.412316 

FC2_b
15 
1.09886 -0.603052 0.0773512 -0.665409 -0.84639 0.61296 0.887821 -0.0826861 -0.229701 -1.26391 0.228247 0.84106 0.157709 -0.722054 -1.25577 

FC3_w
10 15 
1.00587e-32 -4.09934e-33 -0.29674 1.04934 0.0834698 -0.305241 -4.91402e-34 -0.644151 0.346041 -0.195936 0.190368 -3.29224e-33 -1.16184e-32 -0.304108 -2.45015e-33 0.310441 0.331313 0.0492612 -0.320585 -0.167075 -0.196264 1.12886e-32 -1.15089 -0.234535 -0.0360973 -1.05766 -1.04931 -3.99832e-33 -1.14831 0.468028 -0.32752 -0.357231 -0.308258 -1.13656 0.254083 0.000329022 0.435443 0.25272 0.235908 0.313754 -1.14032e-32 -0.625776 1.12366e-32 -0.673494 -0.794459 0.125556 -0.404142 -2.73251e-33 -0.637029 5.97724e-34 -0.36838 0.0189386 -3.57855e-33 3.31206e-33 0.366245 8.84378e-33 0.399334 0.453999 -0.0597988 1.89877e-33 -0.39807 0.26078 4.85156e-33 -0.406144 -0.832487 0.000767066 0.11569 0.480831 -1.12811e-32 0.254076 -0.240068 0.0801611 1.17392e-32 -0.405138 -1.56862e-33 -0.740246 0.249545 0.684455 -0.669017 -0.476035 0.275804 -0.793378 1.13519 0.997941 -0.314978 0.920942 -0.14158 0.0113107 0.791153 -9.66705e-33 -0.271645 0.0180257 -0.442625 0.896215 0.684651 0.307691 -0.0734123 1.05207 0.443071 0.0539559 0.00303711 -0.331517 6.93326e-33 0.0256187 -0.322445 -0.0252688 0.303584 -5.25749e-33 2.65283e-33 1.16021e-32 0.414655 -1.19119 -6.45986e-33 1.0546e-32 -0.0265298 -1.11533e-32 -0.242776 1.14757e-32 -0.48732 6.71269e-34 0.0281929 0.198382 1.08947 0.0493286 -0.208296 -0.678488 -0.0186608 1.2641 -0.289028 -0.340591 -1.11436e-32 -0.742489 -0.720233 0.672518 1.17629 0.195333 0.117625 -0.675383 0.245003 0.332928 0.0370028 -0.110011 0.14575 0.331133 -4.38859e-33 -0.622367 -1.23473 1.13426e-32 -0.829115 -0.886259 

FC3_b
10 
-0.309948 0.0348562 -4.78832 0.385107 0.645712 0.664911 0.633959 -0.755787 -0.840885 -1.15786 

FC4_w
15 10 
0.733089 0.488824 0.877284 0.222605 0.170975 0.288516 0.0261151 0.0804585 0.144583 0.519526 -0.167957 0.632428 0.480644 -0.207341 -0.285354 -0.962166 -0.292122 -0.679634 -0.487088 0.539156 1.28523 0.709464 -0.295214 0.324204 1.37717 -0.435954 0.640496 0.248696 1.22519 0.552748 -0.765941 -0.456905 -0.233761 0.568247 -0.434093 -0.587046 0.0621268 -0.187849 -0.278703 -0.418044 -0.3582 0.0329794 -0.763732 -0.522013 -0.417215 -0.73615 -1.36291 0.000753384 0.382986 -0.109615 0.226054 0.00246649 -0.802739 0.190792 -0.339654 -1.16795 -0.793632 -0.239163 -0.658309 0.171582 -1.16238 0.313723 -0.588145 -0.340935 -0.0725032 -1.45623 -0.839171 -0.290102 -0.835712 -0.0653038 -0.0498704 -0.858441 -0.797248 0.841073 -0.345188 -0.392984 -0.20804 -0.8277 -0.407922 1.01968e-32 1.28719 0.662086 -0.0861736 -0.536377 0.971252 0.446832 0.16739 -0.369716 0.0630139 -0.583306 -0.477291 -0.886262 -0.7153 -0.116387 -0.20107 5.17009e-33 -0.31795 0.00377794 -0.800937 8.8919e-34 -1.1954 0.246148 -0.424336 -0.268508 0.429822 -1.33152 -1.38134 0.181764 -0.421633 0.292016 -5.12485e-33 0.0715769 -0.304123 -0.357899 0.365319 -0.305705 0.188224 0.129503 -0.733611 0.339328 0.452771 -0.355371 0.252642 -0.148501 0.103266 -1.48246 -0.618979 -0.0477735 -0.144929 -1.4709 1.15977e-32 0.291805 -0.45984 0.412954 0.69974 0.144933 0.605119 -0.134347 0.0671641 -0.360924 0.197323 -1.18472 -1.33037 1.17243e-32 -0.449656 -0.00220669 -0.40392 -0.346501 -0.656968 0.177688 

FC4_b
15 
-0.721799 0.950992 -0.202525 -1.34616 -1.04427 -1.05038 -1.40701 0.604286 -0.44603 -0.598904 -1.17341 2.64068 -1.0082 2.04668 -0.57032 

FC5_w
25 15 
-0.321191 0.280138 0.00736992 -1.46331 -0.381315 0.509179 -0.43838 -0.193618 0.0520774 -0.0957506 0.927226 -0.552726 0.270849 0.351563 0.687548 0.395678 -0.784378 -0.827131 -0.690961 -0.353093 -0.51348 -0.469809 0.0499619 0.210768 -0.141143 0.340401 0.200947 -0.81848 -0.314456 -1.46507 0.317185 -0.0921276 -0.131192 0.390576 0.50016 0.0107484 -1.00795e-32 0.256603 1.85348 -1.06212e-32 -0.0703966 -0.0555562 0.0723318 0.501407 0.209547 0.228881 0.261284 -0.707272 0.514031 -0.274297 -0.2601 0.0462274 -0.329522 0.120464 -3.68052e-33 0.955046 -0.336867 -0.784342 -0.223212 1.32364 0.406933 0.00208278 0.442022 -0.283284 0.170242 -0.415355 0.31216 0.189836 0.222588 -0.018274 0.38692 0.015023 -0.131274 0.508135 0.272483 -0.0254359 -0.160342 -0.0426266 0.0729266 -0.289963 0.832215 -0.473885 -0.999411 -0.312951 -0.252008 -0.580405 0.800754 0.302772 0.421754 0.0229287 -1.2942 -0.0550535 -0.793145 -1.26169 -0.989518 -0.294021 0.2645 5.46804e-33 -1.07214 -1.17327e-33 -0.102147 4.93194e-33 0.257183 -1.03801e-32 0.285757 0.483238 -0.445368 -0.783594 -0.247866 0.425439 0.350792 0.0570332 0.239538 0.326348 -0.0347172 -1.10044 0.763137 -0.618186 0.28583 0.400897 -0.767904 -4.40801e-33 -0.391089 -1.17253e-32 -0.730623 -0.594915 5.13078e-33 5.02016e-33 0.130459 9.14798e-33 -0.268258 1.17374e-32 -0.353301 -5.42031e-33 -0.550512 -1.45737 -0.660162 0.300574 0.14442 -0.112681 -1.2692 -0.0362754 -0.278585 -0.872769 -0.193212 -0.517174 -0.0281837 0.130043 -0.292062 0.0116076 0.157049 -1.05099 -0.800862 -0.650045 0.312567 -0.728203 -0.845046 -1.1023e-32 0.639094 -2.03354e-33 0.105627 -0.391567 -0.488459 -0.382481 -1.14143 -1.16897 -0.0165834 -0.121048 -0.525061 0.491414 -0.804615 -1.47485 1.13563e-32 -0.521877 6.01902e-33 -0.209316 -6.44194e-33 0.292829 -7.35957e-34 -1.04584 -0.830721 0.211671 -1.4738 -1.1593 0.311589 -0.284011 -1.00668 3.19907e-33 0.267201 8.88156e-34 0.00901169 -0.232008 -1.0085 -0.263791 0.118299 0.365441 -0.646903 -0.865233 -0.290706 -1.41526 -0.0387309 -0.0857746 0.35395 -0.0183178 0.183458 -0.0169689 0.0378888 -0.0665871 -0.0661214 -0.347418 0.416778 1.03106 -0.716026 -0.713796 0.164155 1.09594 0.798065 0.223007 -0.363895 -0.297083 -0.192571 -0.487085 0.922149 0.311745 0.557504 0.486965 -1.29861 -0.974982 0.122341 -0.0838643 -0.0902226 -0.94172 0.256101 0.461554 1.10599e-32 0.179785 -0.445441 -0.311277 -0.530665 0.472253 -0.547608 -0.103349 -1.16416 0.236887 -0.338158 -1.16003 0.296839 6.51752e-33 0.338362 -7.61633e-34 -1.12965 0.203273 -0.274367 -0.294237 0.327849 1.05307 -1.17993 -0.877572 0.194303 -0.315576 -0.134145 0.376468 -0.264654 0.0344568 -0.235738 -0.292642 0.573632 -0.481684 -0.499266 -0.28231 0.182487 0.240797 0.212525 -0.99449 0.696371 0.664243 0.685118 -0.628827 -0.947319 0.287423 -0.450769 0.498146 1.06337 0.19169 0.198444 -0.0677549 2.91325e-33 -0.213935 -6.03888e-33 -5.18654e-33 9.82e-33 4.95156e-33 -1.11233e-32 2.7801e-33 -5.05371e-33 1.68542e-33 -0.213626 -5.8184e-33 -0.187141 -1.08152e-32 -1.39368 0.0106766 -1.2459 -0.189712 -0.370452 0.309123 -0.0250088 1.15077e-32 -1.04861 -2.45627e-33 0.446706 -2.07954e-33 -0.547624 1.13122e-32 -0.212616 -1.36955 -0.459404 0.0383241 0.435915 0.20125 -1.11189 -0.0584599 -4.57037e-33 -1.08496 -1.16984e-32 -0.236157 -9.30935e-33 0.520444 -9.95733e-33 0.252026 -0.766696 -0.873399 -0.753607 0.461172 -0.207701 -0.796292 0.225064 6.42426e-33 -3.48844e-33 -1.11475e-32 0.214192 -1.16465e-32 -3.85841e-33 -1.19416e-33 -0.780705 -0.362448 -0.0322472 0.0646699 0.232189 0.0439777 -0.226836 -0.475629 -0.26245 -0.739516 0.307808 -1.18801 -1.17214e-32 -0.284746 6.81003e-34 0.507651 -0.605537 -0.197135 -0.699168 -0.064391 0.340526 -0.0318539 0.208229 1.1565e-32 6.23157e-33 -7.45056e-33 0.191318 -1.12336e-32 -0.028961 -5.6024e-33 -0.781486 

FC5_b
25 
-0.795798 -1.23919 5.6928 -1.32765 -3.05934 2.0516 -0.332565 0.436004 -0.713814 -1.00097 -0.513649 -0.427311 -1.46092 -0.0456482 0.445283 0.364959 -1.17066 -2.23884 0.919803 -0.0263773 0.241585 -0.782791 -0.759278 -1.43401 -1.30076 

FC6_w
15 25 
-0.634859 0.233337 -0.435553 1.0821 0.522844 -0.00923199 0.35581 0.290586 -0.386171 0.385618 -0.29656 -0.651846 -0.281558 -0.0168674 -0.752334 0.645585 0.108278 0.351625 -0.64392 0.179893 -0.250453 -1.03065 0.349203 -0.992898 -1.44302 0.595733 -0.0115984 0.505846 0.395366 -0.626675 0.247857 0.0911494 -0.97204 0.391204 -0.20732 -1.01512 -1.02559 -0.508829 0.420288 -0.954958 -0.242534 0.00445959 -0.341254 0.612065 0.148951 0.24783 0.496639 0.223126 -0.559076 -0.662033 -0.0741402 0.436049 0.297827 -0.161675 -0.38999 0.468415 0.506027 0.443981 -0.161316 -0.362217 0.53238 -0.73161 -0.412538 -0.0913472 -0.813115 -0.349063 -0.301181 -0.848869 0.169735 0.281718 0.287343 -0.369834 -1.42182 -1.30047 -1.29534 1.09062 0.271226 0.259417 -0.395565 -0.283023 -0.256676 -0.604822 -0.151402 -0.434753 -0.640247 -0.130353 -0.390387 -0.320592 0.164282 -0.40107 0.497194 1.12426 -0.00454439 0.52543 -0.0910133 -0.175119 0.25669 -0.166872 -0.115011 0.286707 -1.04164 0.95447 -0.406169 -0.634639 0.483408 0.113607 -0.771435 0.0881714 -1.26675 -0.888324 0.358884 -0.143551 0.165667 0.811405 -0.274216 0.534684 0.122464 -1.15044 -0.677355 0.303934 -0.922869 -0.877784 0.355069 -0.420778 0.483464 -0.378356 0.0445358 0.234512 0.807053 -0.278926 0.0473637 -0.522588 0.218436 0.286521 -0.368003 -0.0343273 -0.388175 0.000898384 -0.397578 -0.409856 -0.489601 -0.833744 -0.590197 0.314945 0.238872 -0.509152 -0.413166 -0.497832 0.0312168 0.205216 0.14647 -0.388353 1.15466 -0.436486 1.21415 -0.845998 -1.09505 0.349105 0.131799 0.218258 -0.364958 0.283737 0.0665245 0.0146483 -0.162247 -0.110536 0.595908 0.542509 -0.931922 0.183965 -0.401527 -1.37323 0.624807 0.293253 0.136134 -0.462923 -0.628771 -0.220063 0.792188 0.306758 -0.30246 -0.662233 0.486935 -0.954469 -0.28127 0.785159 -0.273388 -1.21851 0.792186 0.0294608 0.378587 -0.614756 -0.264027 -0.176364 -0.299207 -0.205225 -0.468809 -0.588906 -0.883662 0.26604 0.319399 0.819755 0.164783 -0.496302 -0.258796 0.744765 -0.151993 -0.0465976 0.53549 1.28103 -0.766132 -0.185059 0.40128 0.0187292 0.108226 0.137126 -0.450047 0.750823 -0.18055 -0.21022 -0.103319 -1.4605 -0.474068 0.473724 -0.282399 0.920564 -0.128748 0.137088 -0.544017 -0.152866 -0.138377 -0.536711 -0.235662 1.19204 0.818848 1.27617 0.753492 -0.16057 0.99184 -0.0892597 0.379274 -0.387552 0.840055 0.283435 -0.178394 0.287396 -0.256481 -0.324636 0.654129 0.140478 0.404402 -0.203563 0.295524 0.342298 -0.351565 -0.0279706 -0.318263 1.15667 0.723475 0.612639 1.23598 0.363971 0.648978 0.804461 -0.245774 1.04637 0.209999 1.22657 0.455922 0.0255528 -0.239939 -0.322573 -0.366117 0.539511 -0.42897 0.485315 0.842299 0.699218 -0.383534 -0.907616 1.26184 0.950569 0.677944 0.506486 0.537807 -0.4421 -0.425045 0.996499 -0.129127 -0.432224 0.932935 0.580371 0.786705 0.275525 -0.267788 -0.211752 -0.382252 1.01573 -0.132449 0.118113 0.143457 0.00251727 0.193165 -1.01721 -0.247457 0.190582 -0.248713 0.347606 0.0651576 -0.175992 -0.700989 0.460318 0.0309572 0.317063 -1.14164 1.10466 -0.861897 0.109887 0.187324 -0.0676195 0.668596 -0.513527 1.40285 0.447111 0.129337 0.871235 0.229645 -0.606547 0.411129 0.677669 0.662664 -0.862661 -0.401191 0.350744 -0.729946 -0.407085 -0.564849 -0.545735 0.483524 -0.337609 0.229589 -0.762576 0.662757 1.95816 0.183677 -0.936658 -0.215499 -1.25454 0.137206 0.155124 -0.41616 -0.25099 -0.191538 -0.394001 0.300698 -0.80322 0.829635 0.314803 -1.37397 -1.41762 -1.16756 -0.513403 0.262651 0.475418 -0.608286 -0.926759 0.712591 0.530247 0.167866 -0.191016 0.0489435 -0.711798 -0.461 0.329574 -0.270782 

FC6_b
15 
0.835739 -0.426172 3.75854 3.65514 3.44688 2.65757 1.00912 4.55951 -0.732453 0.462773 0.417108 10.9936 0.831636 -1.10619 5.84603 

